99	-0.0115380362	-0.09638042	0.0084537622	-0.0109573817	-0.0875120237	0.0058450368	-0.0032601764	-0.0389290527	-0.0004812586	-0.003654015	-0.0411799476	-0.0006077142	0.0037219641	0.0116887102	-0.0035167928	-0.0023559283	-0.0028515742	-0.0027079359	0.009177424	0.046601478	-0.0109101627	0.0006476509	0.0294484776	-0.012744125	-0.0016302089	0.000816819	-0.0001506659	0.001393753	0.0112291947	-0.0012076848	-0.006851994	-0.0367715992	0.0008526572	-0.0016540336	-0.0307597518	0.0005733154	-0.0022671334	0.0171785019	0.0261871684	0.0020065582	-0.0129066408	0.0194509625
151	0.161307544	-0.423408061	-0.0167821515	-0.0469523482	0.0551203787	0.0002082398	0.0874540359	-0.218164802	-0.0075220442	-0.0391673036	0.0464886948	-0.003080094	0.0514646992	-0.116874114	-0.0034422658	-0.0430010818	0.0599701218	-0.0025886083	0.0077627329	0.0164062735	0.0032795689	-0.0175903514	0.0086359726	-0.0033630137	-0.083301127	0.226100221	0.0094985599	0.0802468508	-0.184463114	-0.0057681585	-0.0635485053	0.158541068	0.0055382019	0.066492483	-0.141561508	-0.0033696757	-0.0141272163	0.0191321652	-0.0019191174	0.067737475	-0.16926527	-0.007800282
156	0.0686543658	0.0552158132	0.0233547743	0.073639378	-0.0348895751	0.0132678254	-0.067675136	0.0406559743	-0.0106412424	0.0639392659	-0.014692124	0.0131559474	-0.0752643049	0.031442225	-0.0136330789	0.0792985931	-0.0175913107	0.0169867165	-0.102555797	-0.0071292035	-0.0250089969	0.070410952	0.0014763344	0.0161342695	0.0405443087	-0.0518256277	0.0028233011	0.0196524132	0.0258930195	0.0075352639	0.0305295177	-0.0300492141	0.0038521884	0.0013532389	0.0316161029	0.0040859175	0.0904345885	0.0041637002	0.0219650865	-0.10851422	0.0417918153	-0.0206624512
248	-0.0174696688	-0.399709553	-0.0826695487	-0.0148628606	-0.432957888	-0.0886192545	-0.0010943356	-0.12001957	-0.0237994138	-0.0162520595	-0.123778567	-0.028197363	-0.0011663499	-0.0616297089	-0.0126454858	-0.0174256824	-0.101749182	-0.0237643737	-0.0015115811	0.0202006511	0.0033394985	0.0034467303	-0.0007146811	0.0011176795	-0.0060812365	-0.105666399	-0.0227103997	0.0094807772	-0.0240577217	-0.003559514	0.0031047564	0.0418217443	0.0090724016	0.0097147962	0.162055716	0.0346628018	0.0016353332	0.171700627	0.034789823	0.0063129407	0.469705611	0.0939666107
341	1.42717922	-0.526246965	0.290088713	0.094743982	-0.0013671109	0.0218449384	-0.102938049	0.0958060324	-0.0076405038	0.158767015	0.016294051	0.0628015026	-0.177600548	0.121740177	-0.0171513502	-0.0739467666	0.0848341957	0.0104516661	-0.149227172	0.0592717566	-0.0313850194	0.112077698	-0.115138613	0.0027881062	-0.195512459	0.129815996	-0.0238400921	-0.480599225	0.242947161	-0.0905579403	0.192707255	-0.0037683037	0.0660280064	-0.349179029	0.15743804	-0.0751068965	-0.552304804	-0.0670741647	-0.180132031	0.596351743	-0.357180506	0.0964735895
378	0.52755022	-1.74222255	-0.256025076	-0.244625673	0.67073065	0.128359601	0.171303317	-0.438590109	-0.0309443437	-0.0843890756	0.399521917	0.0772230774	0.0273052156	-0.0754922554	0.0103686024	0.0210936666	0.170053631	0.06200267	-0.38299343	2.2249198	0.445253015	0.323727369	-1.30108643	-0.174970284	-0.0358593538	0.0175623912	-0.0184530616	-0.0461326502	0.304620206	0.0571973622	0.102960236	-0.311075985	-0.0359625556	-0.105139852	0.56625253	0.10065984	0.0717364252	-0.646743476	-0.119827755	-0.245553419	0.697949231	0.106654495
430	-0.106779352	-0.876412094	-0.452592343	-0.0969564691	0.344317257	-0.147253633	0.0757730901	0.212892309	0.185466185	-0.0169428289	0.117328711	0.056686271	0.0671448112	0.25459069	0.236290649	0.0634413585	0.552303791	0.306898326	0.012310382	1.15041673	0.204449803	0.1053247	0.636648655	0.0970293134	0.0324752592	-0.239195004	0.0439928286	0.0356468782	0.108673036	0.18584539	0.0303732436	0.15790388	0.0940798223	-0.0163028166	0.0312304236	0.0152146742	-0.128217638	-0.864100277	-0.516350687	-0.106797829	-0.531624854	-0.434746861
500	636.376709	-1963.83484	-262.958344	-935.014282	1090.37769	701.064148	202.848633	1056.11011	563.783447	332.75769	-425.506134	-5.79316378	122.748352	1135.90503	626.689026	205.874268	-1252.45581	-314.159882	426.559296	-1106.51721	-446.03894	-491.471497	1314.15198	145.762238	-594.656433	1028.04456	118.632423	503.125549	-1132.02136	-148.952515	-115.426758	617.378967	95.5070801	185.750076	-1294.44836	-354.5784	155.888596	-670.059814	418.164032	85.0389252	1894.0918	1248.72083
558	-100.9533	278.401337	3.21640468	224.230743	-247.053085	-170.468674	-27.811985	-144.402496	-86.5507813	-69.2819672	135.310883	13.897666	-6.42949629	-188.829254	-106.955147	-42.0889549	247.292831	40.8716469	-83.3255081	181.801605	74.2735138	81.961937	-233.745361	-17.5828228	110.139282	-206.882889	-19.1178455	-85.3922653	182.599304	3.7183044	42.4980087	-170.586044	-36.127655	-37.7939377	190.951553	27.8488884	-19.7118168	226.963638	-66.4156952	7.69250631	-236.451172	-181.909134
661	0.257129163	-0.698067069	-0.127895787	0.712754607	-2.42207932	-1.10330486	-0.292301953	-0.0286850147	-0.0967628807	-0.301973462	-0.121868961	-0.131784782	-0.159891888	-0.138399914	-0.179299578	-0.132979259	0.842194378	0.336770207	0.0585121773	0.425010234	0.331873566	0.0622383654	-0.680018544	-0.263593137	0.12930207	-0.262679726	-0.0583858676	0.129459828	-0.122924626	0.0815371051	0.19764331	0.153418705	0.14418447	0.284398526	0.428340673	0.298986942	-0.353210509	1.47604859	0.368863344	-0.774223864	0.494113177	-0.333887488
684	1.58796418	-6.1274085	-3.36440802	-1.65687442	6.18899202	1.67576444	0.772219539	0.550618947	1.03224528	-1.05734968	1.39110792	-0.126345038	1.06742764	2.39759851	2.38893723	-2.35258293	0.0859107375	-2.09739637	0.15537551	-3.30812073	-2.11774015	-0.29620105	1.86592901	1.53409123	0.295413643	1.05877423	1.4355166	-0.930798173	-0.508745551	-1.40911782	1.77075779	-1.52117133	0.735698819	-2.46689367	0.96895057	-1.73092818	-0.722062945	0.185883358	-1.10764396	1.6913228	6.14014101	5.28299332
706	-0.535392225	-0.621785998	0.0791189224	-0.818439364	-0.419849128	1.56341815	0.798779249	0.200410828	-0.255998045	0.354782403	0.0978864655	-0.302466959	0.924693167	0.312383413	-0.0427054986	0.0562478043	-0.100442372	-0.232861042	0.115740694	-0.123381302	-0.565915108	0.524117291	0.388073891	-0.286154062	-0.0126345269	0.13509801	0.0877284259	0.265228182	0.181897372	-0.342227548	0.847003639	0.575679123	-0.508545041	0.208460882	0.0179327428	-0.275152266	0.445315689	-0.0927486494	-0.0317514576	1.24385142	0.299709558	0.40605104
730	2.08423781	-1.67599773	-0.165940598	-2.96351838	2.11560035	0.178930834	-0.155686855	0.215894148	0.11365521	-0.372718275	0.202959403	0.0468142927	-0.11102809	0.156833798	0.0681583956	-0.546647251	0.109821498	0.0285863318	0.149721816	-0.0271871351	0.0501554646	0.0581629574	-0.0570297688	-0.0460004546	0.0226332787	-0.0913097113	-0.0484677888	-0.399011284	0.247265279	0.102703713	0.928934038	-0.864764869	-0.0002493576	-0.629489183	0.526498675	0.104924925	-0.427029461	0.165467456	0.0672553182	-0.55699116	-0.136503279	-0.0590400286
756	0.177752689	-1.62908733	-0.737403095	-0.351858586	0.859264851	0.169934869	-0.0099710915	1.21221018	0.526106596	-0.0298221558	-0.230292037	-0.127427503	0.0111734523	1.11273551	0.456981927	-0.0634431317	-0.928744316	-0.471735299	-0.0138660232	-0.861425579	-0.30780372	0.0311761629	1.53434753	0.670116782	0.0824844539	1.13565612	0.49460265	-0.0676312372	-1.60822046	-0.703533351	0.0151851336	0.521170497	0.287494928	-0.102365576	-0.586458445	-0.331686616	0.137618244	-0.768304944	-0.478596061	-0.0084331958	0.947240591	0.353766173
867	0.953446984	-1.32624733	-0.803188443	1.14743698	-1.69772851	-1.52290928	-2.19064665	1.63378	0.910697341	-0.818125367	0.987882137	0.358363658	0.593695104	-3.33169246	-1.81521142	-0.0231579021	0.657444	0.499502152	-0.59052068	5.88145828	3.67670417	-1.32445061	2.57325149	1.67290664	-0.101779357	-2.02959108	-1.67368555	-0.318917245	-0.663586438	-0.323277473	-1.08106112	0.941397369	-0.000605194	-1.84665859	1.25370026	0.30041188	3.08320856	3.74827123	3.75210094	3.4890039	-2.07370162	-0.629160881
897	0.883026063	-1.45695782	-0.417089432	0.923566282	3.00682378	1.40761495	-0.590225339	1.9729991	0.884638965	0.955371916	-1.11088419	-0.034648329	-0.428996801	0.014849796	-0.27336055	1.14390421	1.1205616	1.09610677	-0.771559656	-0.136007577	-0.106960461	0.468517751	0.363695979	0.325235337	-1.06257403	-1.07309067	-0.678097546	-0.653330326	0.71480006	0.163250819	4.55389643	-1.2882762	0.865740299	-3.63982201	0.762100399	-0.586070061	-4.07798386	0.308516324	-0.915095985	2.20833254	-2.63538432	-0.869884074
1018	0.655757725	-0.912844121	-0.436666638	0.477833718	0.479052484	-0.866087973	-0.720008314	0.506329715	0.191512376	0.170855939	1.38545811	0.921329975	0.469539881	-0.60237807	-0.371022403	-1.33269536	0.115256988	-0.492851466	0.054953441	-0.0724166855	-0.103061289	0.0515938513	0.213394284	-0.401333213	-1.22146606	1.91932142	1.0375452	1.00807869	0.0932509899	0.509137928	0.685715795	-1.30115831	-0.842163682	-0.798713505	-0.142930686	-0.379493505	-3.21584821	0.0375327617	-1.14411497	1.03187621	1.6098001	1.05488503
1094	-13.5999804	7.45261526	1.3742131	-1.68232	-5.90691423	-2.88651347	-0.610647261	-2.43574095	-2.08901215	-0.665433228	3.59246707	2.1793685	0.918875635	3.20225167	2.18694091	-1.10322738	-2.20666671	-1.65256178	-4.55134439	0.218975201	-0.692318857	3.19231081	-1.95031273	0.0943602175	-0.299523115	1.80592585	1.10338831	0.362681389	-2.96495724	-1.68500853	1.73952734	-2.78658223	-1.39782536	-0.703427851	2.86427617	1.49097002	0.203270182	5.98327398	3.41381478	0.901002765	-3.67242575	0.704309762
