0.0995669992914	0.16140674147	0.194129460335	0.0745444987833	0.577387223975	0.249375271268
0.31326749693	0.458409369996	0.966520782242	0.836904295666	2.24827941266	1.23364881924
0.0418537374742	0.0436055516025	0.0465852157812	0.0243194268127	0.109649592282	0.08814858539
0.0815324260482	0.068669378691	0.112312034477	0.0690130691694	0.119602672124	0.256846935268
0.187822021428	0.148764282122	0.322610124424	0.242524958239	0.443329673206	0.161434000104
0.131964061727	0.137467118938	0.101732408941	0.135682335255	0.109182958501	0.249620339883
2.86001427687	0.0791281320701	3.92204394874	0.0840334417733	3.11786766221	0.0690554649322
0.178564746419	0.17231500348	0.252554626127	0.240025215171	0.188155759102	0.183948129585
0.0344860881581	0.034548748162	0.0217043995276	0.0221971587796	0.0559398111768	0.0565259061133
0.00902831767266	0.00543066436197	0.0104057754429	0.00890649978951	0.0168769201851	0.00998549779326
0.342062691739	0.215501923464	0.231922375413	0.0391293640951	0.480492230964	0.255283057965
0.0364067405564	0.0125149295191	0.0287800071308	0.0137763840311	0.0497126841851	0.0235843071056
0.00274165754609	0.0020773788227	0.00205843194216	0.00130417996159	0.00353009971963	0.00329924353951
0.406262647933	0.0371480934807	0.311469588974	0.0152724416698	0.232013263729	0.0323240712993
0.057245785247	0.0207182543723	0.0536689859763	0.0274295181029	0.0720731265916	0.0304511885385
0.00407569173153	0.0032221106432	0.00470216122661	0.0028420583368	0.0107950442028	0.00523875583604
0.00278962079594	0.00325330623597	0.00317681176544	0.00150355633018	0.00888190342954	0.00387754492327
1.04223465965	0.0310655254342	1.00605146799	0.00606669897147	1.15542701986	0.0373433437712
0.193046184601	0.0251667018898	0.128766559102	0.0341842454628	0.195775370606	0.0229565563201
0.00317596665049	0.0043436705208	0.0085644539936	0.00705742586575	0.015546049014	0.0129070630507
0.0456516542739	0.0430630702519	0.0506375089963	0.0196618070703	0.114359312624	0.0456077018286
0.00186410272556	0.00175975365646	0.00157207987823	0.000607298340074	0.00377418241244	0.0013801541195
0.0214174046968	0.0161958483571	0.0297001908083	0.0152601731135	0.0370214233693	0.0145401208813
0.000541818067607	0.000372265088586	0.000533467695119	0.000564013040603	0.000744473901046	0.00100088644417
0.220940723935	0.00953595892053	0.212416348413	0.00222306507183	0.243581909619	0.0120259565229
0.0161593141825	0.00087441464518	0.0170505648672	0.00155435361872	0.0211804835923	0.00302591928288
0.000221441209501	0.000167116205708	0.000195141676943	0.000127533688254	0.000272066886838	0.000337555155828
0.102106026703	0.00711771678524	0.102009765789	0.00137151201902	0.113271219475	0.00840915330646
0.00455399177277	0.000867647750148	0.00452995959058	0.000476557554821	0.0055181109806	0.00128033309011
0.00767766448645	0.00298228920707	0.000918687111168	0.000671888746794	0.00709674131588	0.00296437665532
0.00062389697817	0.000493614386802	0.000391804785703	0.000269207659356	0.00147699272034	0.000671815370414
0.0156494661734	0.0111023594812	0.0148271321682	0.00907834295243	0.0343470388884	0.0104468647487
0.0204603892116	0.00996874997921	0.0282877626839	0.00158542292317	0.0339753163614	0.00887143756856
0.103161158059	0.00928594452993	0.100542465998	0.00361979305542	0.115094250447	0.00824302192578
0.0133469055126	0.00099345450228	0.0112050722229	0.0021970345531	0.0122114931189	0.00392055867335
0.000195510251253	0.00011388872146	0.0001092058633	6.62580039721e-05	0.000243947548452	0.000296915254421
0.0135332043869	0.0111302996662	0.00931299583402	0.00216523946161	0.0228084101264	0.0131350403217
0.00225173972113	0.00124917738395	0.00103879392353	0.000565505130496	0.00347004124984	0.00115885480713
0.000935784525054	0.000684734859224	0.000385933008794	0.000322231083134	0.00242116980678	0.0015395693369
0.00321927579311	0.000327325809545	0.0016456731283	0.00040701670394	0.00574692887332	0.000313325144738
0.0136361382579	0.0130342825312	0.0138438151598	0.00499766998272	0.0336620188539	0.0137446198347
0.00819493617694	0.00551813300189	0.00789944258232	0.00492501237153	0.0197633721427	0.00718456687168
0.00457240971733	0.00148409854589	0.00419114561996	0.00138411299138	0.0089799171976	0.00361310678652
0.00635125262587	0.00184999476997	0.0167755459505	0.00212464255044	0.0133985337989	0.00151760748738
0.000228696500815	0.000235990645039	0.000190970770801	7.45806654891e-05	0.000522809068982	0.000306863021773
0.0472763703345	0.00723872179236	0.0441896948	0.00262721879142	0.0478280989866	0.0056486306282
0.064030145776	0.0112463214211	0.0635251157249	0.00250306880649	0.0752462093733	0.0181947239816
0.007722514265	0.00321443526662	0.00834846058424	0.00292297456472	0.0182180153669	0.00329735312198
0.00021321566177	0.000185024500878	0.000140496446459	0.000116225324852	0.000554970321205	0.000232510810024
3.6854933743e-05	4.92671930804e-05	6.36911048687e-05	3.1526989125e-05	0.000151022270758	5.63404606666e-05
0.000387795674531	0.000468076154584	0.000566935280632	0.0005810070991	0.00163082854166	0.00106938519318
0.00111529934314	0.00105660306593	0.000373078302651	0.000159626617141	0.00245765660177	0.0010936835274
0.00182206974414	0.00128150624165	0.00195423387273	0.000995233125142	0.00249135663144	0.00101355853876
0.00433923413128	0.00240973514636	0.0043973555237	0.000468693805146	0.00595980442224	0.00188074253455
0.00657091103276	0.0035198205793	0.00596435658399	0.00102409447855	0.00829944808772	0.0032938015247
0.00363271141421	0.00261874864655	0.00533349809439	0.00318623900133	0.00770611566724	0.00282024719574
0.00476420067041	0.00288558292354	0.00561642904603	0.00139603064129	0.00878582126731	0.0022976179854
0.000234560519994	0.000130623860815	0.000245305275186	2.44370671194e-05	0.000333914486529	0.000141667886295
0.0197289570403	0.0012937039138	0.0173561996794	0.000462915938412	0.0202262285929	0.00202230894116
0.00675974532695	0.000566883287289	0.00580595038958	0.00118366491325	0.00672219989933	0.00232256657905
0.00311360794661	0.0029228371512	0.00294941062723	0.00093473158402	0.00750372597197	0.00612199921811
0.00411023471701	0.00280606525946	0.00389891060237	0.00205948028837	0.00578743782316	0.00254762855827
0.00034112823775	0.000488259406576	0.000567050280365	0.000474781878043	0.00130128941935	0.000455046929339
0.00514549314611	0.00117925362862	0.00448014018165	0.000497487317326	0.00451494843307	0.00181429636623
0.000179470875077	0.000177162514462	0.000186193966092	5.50579253601e-05	0.000423333824759	0.000392091969911
3.29941720808e-05	3.62470593577e-05	7.33969835634e-05	3.5412615454e-05	0.000169946197852	9.46672146087e-05
0.0321923032026	0.000884523340953	0.0294306767741	0.000360577951877	0.0362043663266	0.00130767935248
0.0056560630021	0.000500003789409	0.00530471994561	0.000591801686196	0.00624926545864	0.000706037375346
4.38396114377e-05	1.92876344792e-05	5.58916632704e-05	3.20204960314e-05	5.31216794706e-05	4.08157983393e-05
0.0817721709843	0.00265068706574	0.077201997392	0.000999687176163	0.0915241201464	0.00257674083458
0.00292381203047	0.000119869695409	0.00257202033866	0.000155489330952	0.00284125012005	0.000234283297836
0.000426386733561	0.000400940991879	0.000478282942434	0.000167799478586	0.00103871276986	0.00041351004916
0.00262352926603	0.0024855670489	0.00284421668837	0.00103659586116	0.00652137832045	0.0026297558911
0.000249021419007	0.000227284093718	0.00028205585477	7.25750551529e-05	0.00066330206674	0.000464856540565
0.00266637936691	0.00123716159418	0.00363946930759	0.000985746640314	0.00730536560098	0.00110417477466
4.49049288975e-05	4.30239525408e-05	2.92951961579e-05	1.24910970749e-05	0.000113530798761	0.000130215258272
0.00313353993209	0.00100726757418	0.00371848612968	0.00145002137715	0.00397188302629	0.00290779591324
0.000246680056859	0.00020618447032	0.000382810951623	0.000208003376136	0.000594676017963	0.000422021731961
0.000355595200558	0.000145052100747	0.000442477387592	0.000240064760373	0.000187651844804	0.00069040628058
0.000136677096189	6.25360155537e-05	9.60603137547e-05	5.42190472577e-05	5.59403855435e-05	0.000114038451569
0.000592253532507	0.000394198575183	0.000986736212824	0.000518707415118	0.00116668503489	0.000461594554281
0.000442033953199	9.67113706393e-05	0.000469900920775	0.000132760803219	0.000563158398559	0.000221351845513
3.25812246033e-05	5.66439174749e-05	4.48730986113e-05	2.01968589729e-05	0.000149962521419	4.472193532e-05
3.56717707372e-05	1.62785416087e-05	1.85559978993e-05	2.017217359e-05	8.8503674935e-05	6.3775919343e-05
0.000319654247688	0.000160466905119	0.000417481404772	0.000220617369044	0.000745977855276	0.000448209217406
0.000519540902986	0.000308979971147	0.000292559280013	0.000169197208139	0.000983641928622	0.000578913587677
8.4482969045e-05	7.69747739308e-05	0.000148378656346	4.83076134426e-05	0.000185352034479	0.000133525514183
0.00224700168803	0.000925642966314	0.00237936991401	0.00104574096162	0.003147895957	0.000807376644252
0.000307532220614	0.000247985448011	0.000510892181917	0.000154334991253	0.000640840164979	0.000236712398319
0.000449380635422	0.000432374990121	0.000430496342414	0.000255607049042	0.00109161867775	0.000510933074233
0.000124027039451	8.54378552913e-05	0.000112982765504	0.00013178163446	0.000232766044107	0.000222757804127
0.00270482726883	0.00152937547123	0.00186071880458	0.000383474945753	0.00272791555291	0.00137645265535
0.000452553319597	0.000293983104035	0.000307480860655	0.000139687834254	0.000582539591853	0.000127595850511
0.000369092888065	0.000267661679443	0.000900682823383	0.000483183193161	0.00156402468961	0.000570611144737
0.0011016429324	0.000660324893349	0.000753826216684	0.000318822562905	0.00213602988742	0.00117568273939
0.00131934977929	0.00141185950568	0.00246782813869	0.000536240352142	0.00362159626355	0.00190676481035
0.000245051231431	9.90872205975e-05	0.00023855772636	0.000133791316888	0.000504384311358	0.000359895589681
0.00249782412579	0.00072845455262	0.00638743818407	0.00108332322499	0.00570339828757	0.000640644840295
0.00140467328601	0.000521803286365	0.000783692937907	0.000532420789716	0.00158898290489	0.000964896455444
0.00830828769854	0.00226076637607	0.00620217855397	0.000336658937259	0.008902228178	0.00266186273012
0.000191064672909	0.000104067649707	0.000228646980247	0.00017715116813	0.000151696977257	0.000439503833442
0.000368526240026	0.000271120726631	0.000444885119106	0.000107034399224	0.000540668757859	0.000797530358862
0.00126112475403	0.00103099374155	0.000931916271664	0.000618058437267	0.00218975511565	0.000959095408445
0.000187339427199	0.00011749136509	0.000198350773089	3.00106312151e-05	0.000261863244761	8.61710547049e-05
0.000408653350218	0.000179083856752	0.000164544419393	5.07315817916e-05	0.000563731982277	0.000423932608839
3.59382973843e-05	4.26283429616e-05	5.96559243839e-05	2.50176055885e-05	0.00012360802503	6.93132541999e-05
0.00162392515611	0.000539614862051	0.00129224275478	0.000122155600869	0.00165206001174	0.000711661774938
0.000179301453179	5.55622863703e-05	0.000178381987801	0.00012011020386	0.000301272992723	0.000228569652949
0.00013547887044	0.000143110393398	0.000174742400866	5.94173296233e-05	0.000385149888902	0.000252886936003
0.000407656973183	0.000279307387718	0.00051736881789	0.000254568457975	0.000756198022503	0.000279344269191
0.000341162096658	8.03265049242e-05	0.000326174753812	7.52365928289e-05	0.000547660787643	0.000297363593207
0.000118739973695	0.000117266370325	0.000108770876971	3.36415539815e-05	0.000244969211961	0.000258863316859
0.000439940228469	0.00026472250614	0.000393092233658	0.000171033173683	0.000776325506325	0.00057338474675
0.000503499369776	0.00031512951595	0.000418621315952	0.000217289274855	0.000734831198443	0.000324721848623
1.14211858198	0.653221110177	1.81932123621	0.740035067783	2.65905977611	0.303456884768
0.341454576515	0.228925900316	0.411165034123	0.251321228485	0.586001513857	1.14763465263
3.99458862614	0.814167815586	1.08849459461	1.02242215657	3.01677945937	3.47234529141
2.89653369466	0.12582909469	1.28086986854	0.10139036064	0.615803300766	0.0725567523891
0.390413524567	0.0672524357146	0.257708358977	0.128999196861	0.259772090176	0.0662597546422
0.695499212599	0.434539559166	1.78751790432	0.427173077862	2.47803878984	0.401208508411
0.273776657736	0.119641110303	0.449676601543	0.236035739217	0.853410424699	0.231161283376
0.232775947025	0.245023045866	0.256942265588	0.0657438631373	0.573194665691	0.126160814141
0.0673081186666	0.139952611799	0.413939099459	0.117435049738	0.587811593944	0.0047968283841
0.016588096036	0.026879461067	0.0405608784433	0.0419661084002	0.0699883000864	0.00584316795014
0.00196765200766	0.00155044110236	0.00351405601421	0.00462085145848	0.00598742980857	0.000874109453641
0.0131182358145	0.0350504923624	0.0467282209737	0.0197183894852	0.0818915381431	0.00295913663931
0.00232308141432	0.00811210980381	0.0099230887155	0.00927913796855	0.0108878382289	0.000812378893353
0.0125332068324	0.00671860762065	0.0161142925935	0.00980640456242	0.0244988623112	0.000541775417901
0.00146714169075	0.00737974944357	0.00927783061221	0.00814576049668	0.00951088516146	0.000823544932421
0.00532952482435	0.00254274356277	0.0182904965055	0.0017813171346	0.0190516795058	0.00101258200256
0.000600594232067	0.00481799125442	0.00428132899126	0.00253906159793	0.00852973232251	0.000417920920946
0.000713915696957	0.00242351388445	0.00294934930018	0.00291474520756	0.00559051297119	0.00035328212443
0.000167952891928	0.0133171838801	0.0134265105155	0.0112223833715	0.0174954237711	0.000142303744361
0.00112315409765	0.00152734794302	0.0129056287396	0.0058510425507	0.013180301103	0.00115979892098
0.000474902760413	0.00626577864698	0.0307396812728	0.00250053296729	0.0383097246281	7.45273917089e-05
8.25230236349e-05	0.00142898902229	0.00200990890326	0.00156596014454	0.00327541674284	5.94446613597e-05
0.0003818238061	0.00498227550431	0.0240313122386	0.000557885901901	0.0345273331949	0.000279909205522
0.000175421337895	0.00254383252027	0.00399797628607	0.00383082391707	0.0029327639687	8.68487705405e-05
4.3017039032e-05	0.00333977259181	0.00266321866329	0.00172418696233	0.00540682583899	2.18811968057e-05
0.000368471192181	0.00366574075211	0.0130331582497	0.00193114951824	0.0131951521539	0.00020674897838
0.000347793428369	0.00117832636433	0.00424181774234	0.000719004047283	0.00590100416082	0.000253192884375
2.96438505233e-05	0.00105776189497	0.00197003241759	0.00189737212894	0.00130716330443	3.18417673332e-05
0.000267113321838	0.00142161479161	0.00958802897846	0.00156675797353	0.0121749241917	3.1160942082e-05
2.16372646915e-05	0.00190866759906	0.0019298386646	0.00170599857924	0.00238735217605	3.49797881064e-05
1.93033672967e-05	0.00227951525823	0.00375878560135	0.00366116314601	0.00276070983685	1.77231831354e-05
1.48398701582e-05	0.00208765514358	0.00238977598267	0.00219899094328	0.00239535163122	1.27514588515e-05
0.000255686336641	0.000248031559588	0.00196205849151	0.000958247961599	0.00372879180715	0.000178742175127
4.29783336321e-05	0.001317864997	0.00108726414432	0.000505441186769	0.00220731465997	2.51133744983e-05
0.000440743518589	0.00132610205429	0.00639821677768	0.00180967297979	0.00972764235406	0.000288881223393
0.000133995889895	0.0017828892115	0.00474251396772	0.00074385322759	0.00427406734343	0.00013346455284
4.13605847633e-05	0.000703411843008	0.000907257508274	0.000732547260349	0.00179854815281	2.74614501564e-05
1.4084482646e-05	0.000434232509716	0.000948990694008	0.000932822530327	0.000861896824835	1.33883200555e-05
5.49251370069e-05	0.00080243422856	0.00519422385004	0.00156853931807	0.00562006681573	4.25788178664e-05
7.56559290677e-05	0.00265333265557	0.00338497884649	0.00211438165535	0.00541623781762	7.76514215799e-05
7.51866911005e-05	0.000235627351587	0.00259753009203	0.000286002802233	0.00145559164386	4.12288322668e-05
3.17725034343e-06	0.000465874413662	0.000430152137768	0.000322836254973	0.00105067598997	5.85048684231e-06
7.48231502597e-05	0.000677475969147	0.00444853088498	0.000423989652998	0.00295515799844	1.29106279926e-05
1.72375854295e-05	0.000593148859427	0.000470009248788	0.000314855724752	0.00117522240818	1.63140464764e-05
8.5916459322e-05	0.00247438992499	0.00416276775759	0.00143894565168	0.00516724622153	2.26983621105e-05
5.27543278198e-06	0.000305145619356	0.00068757345125	0.000671693780571	0.000497628290631	5.40992353171e-06
6.40903079153e-05	7.74631316915e-05	0.00469876066181	0.000398718580987	0.00448096989505	3.8581773496e-05
1.32696507783e-05	0.000295305956122	0.000569457334971	0.000555394434597	0.000408474572223	6.46833472437e-06
1.21575233528e-05	0.000105837960749	0.000145534178432	0.000141653011189	0.000122511344067	9.09121183635e-06
7.79573016606e-05	0.00135356588192	0.00347151394764	0.00079772264693	0.00476335199816	7.22685565369e-06
6.83856778454e-06	0.00030269776481	0.000305474627629	0.000274857632159	0.000370284935132	5.82132502784e-06
3.34895985338e-05	0.000679467298872	0.00314136086387	0.000388631798361	0.00183096934576	2.13621649848e-06
9.19604636409e-06	0.000363170479541	0.000281403761386	0.000204399992041	0.000566137428192	7.0051549241e-06
4.40866252006e-05	0.000256918533502	0.000705394663814	8.80494357232e-05	0.00149406571518	8.91235464246e-06
1.11593609775e-05	0.000201757738146	0.000247341355592	0.000233794816617	0.000228027641972	4.02279673119e-06
2.99267698198e-06	0.000231650607688	0.000201936639977	0.000171022112339	0.000315726100481	2.00462166498e-06
3.41756339956e-05	0.000330222335031	0.00050574850069	0.000308296048183	0.000780947582985	7.28782572976e-06
2.16553922256e-05	0.00010436203339	0.000320965820867	3.39569697006e-05	0.000293904247741	2.14928021572e-05
3.44543503032e-06	0.000152259446389	0.000274114750512	0.000268028883029	0.000198020892069	3.2724192288e-06
2.23722459762e-05	0.00034051393037	0.00084546488485	0.000172840559364	0.00104913167976	8.5534941732e-06
4.3049044291e-06	0.000115223662689	0.000199749518235	0.000194672622971	0.000143401867827	3.99381534266e-06
6.73946145223e-06	7.5533094771e-05	5.35109924843e-05	2.49842003811e-05	0.000134844657829	4.43977826478e-06
2.38310900517e-05	0.000426630703205	0.000820369357217	0.000194892180171	0.000911224054459	2.31165292864e-05
8.34157901628e-06	4.3871984165e-05	3.22333267506e-05	1.89157942389e-05	9.65280380752e-05	8.05438686414e-06
1.57101903489e-05	0.00016309686557	0.000193200942235	0.000108071648132	0.000302053905469	1.60356876276e-05
2.15116317861e-06	9.98384325323e-05	0.000120921417241	0.000112276154574	0.000112653027813	1.24804527893e-06
5.37210800085e-06	0.000158485688831	0.000222695689429	0.000212421533508	0.000172095618166	5.15489080933e-06
1.27003485505e-05	7.31051030433e-05	0.00102583198189	8.92358233844e-05	0.000827499480496	4.88224694182e-06
2.01525383078e-06	2.11747558196e-05	1.72807784017e-05	1.31655852362e-05	5.23853988288e-05	1.36827770255e-06
2.20892094362e-06	0.000157142651552	0.000198174502687	0.000185948593158	0.000173751454507	1.2224822391e-06
5.92898749067e-06	4.04767585288e-05	0.000577564219751	5.92268504136e-05	0.000302326183203	1.38125045525e-06
1.4388576579e-05	4.12409573293e-05	0.000391634764288	3.07476355084e-05	0.000575723980662	3.15950788738e-06
1.17070193222e-05	5.7399760425e-05	0.000536482858979	1.97159333167e-05	0.000435940722807	6.56753886484e-06
1.79645209847e-06	1.5664568191e-05	2.07958751607e-05	1.60552263137e-05	5.11334000165e-05	6.96223166786e-07
2.75837020186e-06	7.10847388422e-05	0.000512871293139	3.76079395344e-05	0.000257017909124	4.04977680728e-07
1.27651373269e-05	0.00108872981403	0.00123401079756	0.000983383623635	0.00226053635673	7.16235318909e-06
1.2751865366e-06	4.5159057226e-05	8.61542946886e-05	8.66971992268e-05	7.59885535045e-05	5.10945126566e-07
5.13879479178e-06	0.000152353062593	0.000165641874133	0.000109648432687	0.000412986197474	2.66720994678e-06
1.88231334219e-06	0.000137787359352	0.00013611763443	0.000120081098824	0.00017481449764	1.83758191368e-06
5.41767868652e-06	3.29778074076e-05	2.42565936283e-05	1.98152943662e-05	4.96889105017e-05	3.09954242849e-06
4.57986827732e-06	0.000176206583294	0.000272619177031	0.000222758855234	0.000309002496639	2.94910803644e-06
4.4675787981e-06	7.32524475158e-05	0.000118648104053	4.61080275952e-05	0.000156902462162	4.34849794556e-06
6.38944188054e-06	0.000183767378201	0.000177910735699	0.000149012923573	0.000241269058642	6.09878549334e-06
1.62099965875e-06	2.16887356349e-05	1.97616035757e-05	1.26413591642e-05	3.60511657888e-05	5.63774719278e-07
2.10779273578e-05	4.46737573344e-05	0.000635327298438	6.43938997202e-05	0.000504611705636	1.63694461201e-05
1.06962026867e-06	5.45900169952e-05	5.32002794911e-05	4.61718570443e-05	7.77712525625e-05	1.02303856e-06
2.06863648745e-06	5.84377667747e-05	0.000200051190692	6.15959006871e-05	0.000516286683379	2.40302783775e-07
6.87958284306e-06	7.22721268541e-05	0.00015540985391	0.000152117186632	0.000103836067981	4.93505233615e-06
2.95203914657e-06	3.16193315794e-05	0.000361268864465	6.29127934427e-06	0.000401145413109	3.88242169921e-07
1.00526840792e-05	0.000309003097486	0.00059016806182	0.000280250181177	0.000548207015961	4.9058942125e-07
2.85172636177e-06	4.00162081008e-05	3.02667017195e-05	2.19314771536e-05	6.62091720222e-05	1.48848565706e-06
1.20896122378e-06	0.00012145357103	0.000110003268425	8.39986690426e-05	0.000175473698736	7.15615173124e-07
1.08337807639e-05	0.000686350398211	0.000827452548528	0.000586469579886	0.00138013662759	3.20225048603e-06
4.47419094141e-06	0.000162469357211	0.00024774914234	0.000165881659007	0.000309676960997	2.45344236631e-06
1.54512724493e-05	0.000239573102307	0.000546424224717	0.000146821049361	0.000699629390668	3.67266652257e-06
3.75882795629e-06	0.000146894914898	0.000321647182856	4.4074307579e-05	0.00036784695935	2.04709820851e-06
3.25867058036e-06	0.00011981842585	0.000191191415532	0.000186768947562	0.000145959761785	1.82422591086e-06
4.55787856813e-06	2.6304244272e-05	2.45593454483e-05	1.89789724779e-05	3.85693852688e-05	4.3576785995e-06
4.01847073719e-06	0.000332790052695	0.000346394436633	0.000283410685049	0.000697347165028	1.29047184921e-06
3.6823694799e-06	0.000123291980822	0.000377492312659	0.000202791512971	0.000233010134379	3.07549001756e-06
2.85732273605	0.170673289219	2.24589680028	0.519962544402	2.53557008686	0.733843221134
0.280639470362	0.540096888357	0.532649150152	0.380296192545	1.99305629051	0.217464352964
1.23686901046	3.21165293706	2.60540210464	0.552611441713	6.23455789508	1.2627368794
0.555724416257	0.0764211953772	0.972258431729	0.0571621702112	2.97699307162	0.101468744399
0.278192672181	0.0618093282191	0.25179313803	0.0808724800221	0.432215943784	0.0920989037095
2.7356811698	0.266086881419	2.12419480144	0.207310323219	1.14661368273	0.429434278526
0.846844696077	0.223875677993	0.563489771979	0.254122233081	0.595679434032	0.320692098096
0.346302788915	0.101388389992	0.396094232504	0.0414025739902	0.405291313408	0.286192967069
0.703120426922	0.0083923762252	0.547248425841	0.165910074757	0.0645817709315	0.128938230735
0.0404929905166	0.0112556275033	0.0655544814099	0.0382111230996	0.122122803012	0.0321936920362
0.0027113936168	0.00122215852301	0.00602484585195	0.00343623907588	0.0466879264242	0.0033127266532
0.075197120317	0.00350733300024	0.0600552355432	0.0288393214709	0.0213943829426	0.0330539462862
0.00997755804732	0.0017547999176	0.0131445197482	0.00924068452532	0.0370780874244	0.00772421771797
0.0343000495132	0.00094482671591	0.0176600648023	0.0083354629734	0.0152945766644	0.00874790275635
0.00832775162239	0.000788722251322	0.0129291151043	0.00820164251618	0.0103580849674	0.00712167407529
0.0292409883516	0.000969852337413	0.0223695445623	0.0010727793818	0.00876411317584	0.00307407870377
0.00500975445467	0.000349109009938	0.0036204081201	0.00276828178902	0.015103554519	0.00490593740166
0.00321895283128	0.000415942794404	0.00463377221144	0.00254968310205	0.0138827920076	0.00272555065189
0.0140678477234	0.000147074680699	0.012990753032	0.0115523845808	0.00354544264667	0.013463833328
0.0135969475444	0.000818411459961	0.0135912880938	0.00502265957909	0.0140342345629	0.000779872474556
0.0395498927759	0.00012324528609	0.0323371744836	0.00363476288196	0.00127525093683	0.00611045548936
0.00188502241711	6.20154222942e-05	0.00410217374687	0.00140430175425	0.00234312102442	0.00176746604596
0.0366161403491	0.000221075333501	0.0284501064088	0.000616832399157	0.000419626577976	0.00537277322218
0.0031285468935	0.000128152864517	0.00550157724877	0.00377344857047	0.00218951630177	0.00245203115088
0.00350138604984	2.5847659341e-05	0.00276799076091	0.00189255022529	0.00677210049196	0.00347323821787
0.0113961436834	0.000111854085418	0.012236873538	0.00239193192064	0.0307783014152	0.00329101272735
0.00830550833401	0.000134420577527	0.00491161375717	0.000502819705075	0.0244799004273	0.00139784295243
0.00132748829414	2.66166946868e-05	0.00277740142012	0.00183934509962	0.0132829831652	0.000981480697769
0.0117390588253	4.6103907654e-05	0.0111362135303	0.00115694212298	0.00759472000005	0.00169847549285
0.00204740877182	1.53155204423e-05	0.00198230919309	0.00174265752031	0.00491380167661	0.0019143103953
0.00292470662537	1.84473419436e-05	0.00540799288133	0.00356593811954	0.00977021001458	0.00213667139866
0.0022881682998	1.37061756837e-05	0.00267164403871	0.00220992995828	0.00350160463618	0.00206588532908
0.0015859667572	0.000151166881575	0.00343316760039	0.000773720185608	0.000679461089403	0.000493962172205
0.00139721728844	2.32954718847e-05	0.00120218597021	0.000583544523563	0.0159506095716	0.00137796229217
0.0109370271481	0.000211773611514	0.00847567113137	0.00195056636301	0.000666669299444	0.00109733661621
0.00371824817979	0.000100053347965	0.00437325035289	0.00090529783081	0.00405495626309	0.00162676932464
0.000907441613493	3.70066864262e-05	0.00196649965952	0.000630349588883	0.00302986444628	0.000826864378878
0.000612129738903	1.30302346753e-05	0.00169873501551	0.000873426179411	0.0111072000047	0.000374000385139
0.00597704602108	3.7556854657e-05	0.00599812942325	0.00168203453357	0.00549104485177	0.00065065369076
0.00315974652434	5.44002362836e-05	0.00481228403656	0.00240705742269	0.00950661329272	0.00237959741973
0.00112557628881	3.2323635818e-05	0.00258010999554	0.000522860772003	0.000454630528328	0.000104885015241
0.00054134215131	2.99923975427e-06	0.000680609106372	0.000323621345826	0.0037593205007	0.000515749731115
0.00231217794921	9.80551181188e-06	0.00403353020718	0.00040954465559	0.0015573311311	0.000730603657254
0.000650648941842	1.60630010991e-05	0.000626713332652	0.000329720523471	0.00533988669744	0.000639339193507
0.00482966864199	1.07548036585e-05	0.00441650573696	0.00156983335076	0.00366920711309	0.00224299600109
0.000438600330292	4.92517599688e-06	0.00105432049886	0.000644825227389	0.00155617000132	0.000274500849199
0.00394988865065	3.39096450635e-05	0.00426297328125	0.00025208103002	0.000383693847718	0.000174096751119
0.000407820147599	1.11710118323e-05	0.000827913165014	0.000536333863688	0.00378820022645	0.000272041804958
0.000123029760241	1.151097343e-05	0.000192295284469	0.000138366010463	0.00130463561865	0.000101535428849
0.00483084465789	1.62093161762e-05	0.00359995946262	0.000984512979081	0.00227806434496	0.00117879335106
0.000328779156036	6.10130833727e-06	0.000319118140609	0.00028076127917	0.000931697057956	0.000304460599438
0.0018971954442	3.70141049835e-06	0.0024327077968	0.000416246317048	0.00457532099592	0.000621590213646
0.000383833597228	8.25012933829e-06	0.000256464639999	0.000221307244053	0.00551158978792	0.000374857261744
0.0022667918416	1.18449447469e-05	0.00137370535127	0.00017104771866	0.000609642577218	0.000193023459924
0.000236054432055	8.73194640776e-06	0.000306043856498	0.000232894926018	0.00100634679935	0.000196624110603
0.000248195504039	2.06861820135e-06	0.000191826629037	0.000178080809781	0.000328155327906	0.000235727679378
0.00074707027519	6.11448788449e-06	0.000640602946444	0.000324469517445	0.00158606697048	0.000277761287619
0.000228838564378	1.57626121151e-05	0.000299921228938	9.48155780468e-06	0.000146786129533	0.000128162604109
0.000202808354781	3.31857742903e-06	0.000405244588013	0.000259511941561	0.000658627844156	0.000140624665215
0.00106298103367	4.41843071759e-06	0.00091679598422	0.000201586355267	0.000187513696745	0.000338470619885
0.000148546271759	3.97738851743e-06	0.000287222145309	0.000188727769255	0.000834364772028	0.000107260506803
8.03661531498e-05	6.08114753843e-06	5.9572064564e-05	2.98648807347e-05	0.000695191665561	7.9272113247e-05
0.000668993787117	1.59436423498e-05	0.000835634818831	0.000224614416324	0.000187274029468	0.000432832185006
4.93495421771e-05	7.81393048684e-06	5.28731972772e-05	1.95995823482e-05	9.98723678675e-05	4.72078313474e-05
0.000425651187858	1.13967710698e-05	0.000247199644928	0.000127794842252	0.000102579243712	0.000130473193905
0.000112819099237	1.04784198718e-06	0.000146900307446	0.000112757975917	0.000269801339758	9.85739392974e-05
0.000186652503492	5.09479175482e-06	0.000286738887319	0.000208976737081	0.000267174480516	0.000152097005655
0.000691027681371	4.9164071327e-06	0.000960778187024	7.26216811562e-05	0.000178947162209	0.000103724841998
2.24926457049e-05	1.60195138373e-06	1.63917856385e-05	1.10433844745e-05	0.000166050132198	2.39383803681e-05
0.000176255246915	1.89251819612e-06	0.000236825989969	0.000184861968442	0.00100440200742	0.000153670264551
0.000269807988179	7.72707318537e-07	0.000446728659239	4.30238233769e-05	0.000485882002115	2.89992664769e-05
0.000770011277434	2.27564495313e-06	0.000547983252958	3.45107062933e-05	0.000889878188934	3.04759789556e-05
0.000415375960485	5.52636697501e-06	0.000510481695943	2.27462596567e-05	0.000395593497725	7.80875307511e-05
2.01308130032e-05	8.87876639027e-07	4.84021750266e-05	1.42950265845e-05	0.000432967037727	1.71772814874e-05
0.000185315388066	3.80677264688e-07	0.000423877836475	3.70408222383e-05	0.000352885103207	8.23443188133e-05
0.00123944117733	3.68864904787e-06	0.00228198355982	0.00109367228673	0.000955517026089	0.000969733038307
7.12564349893e-05	9.86224545377e-07	0.00014567039073	8.25930752164e-05	6.45907494856e-05	3.99028774773e-05
0.000451205247424	2.54451212651e-06	0.000256116985896	0.000137283821115	0.00083259542684	0.000114391236702
0.00014702472128	1.77427154097e-06	0.000138241769952	0.000122776672578	0.000764832995637	0.00013866515196
3.51119330052e-05	4.58825048624e-06	2.7723244552e-05	2.12635417363e-05	0.000649783978715	3.47271104143e-05
0.00021904956374	1.4963084578e-06	0.000480389916511	0.000222311323385	0.000983788427801	0.00014404006118
8.04468205016e-05	3.2358188467e-06	0.000105185894604	5.59736406852e-05	0.000269578288364	7.25306368819e-05
0.000196067977115	5.99431291396e-06	0.000169286797259	0.000153484506802	0.00115123625099	0.000185410105253
2.24384968311e-05	1.06976230879e-06	1.79985907001e-05	1.39656786816e-05	0.000220855400615	2.25310001487e-05
0.000290981425256	1.34336464507e-05	0.000485881965999	4.7200743288e-05	9.50389004946e-05	5.80355680904e-05
5.64000739984e-05	1.26105820841e-06	5.4946716951e-05	4.72119855106e-05	5.40938419931e-05	5.47287395514e-05
0.000547304426002	2.88838695804e-07	0.000292720498144	2.99174771038e-05	0.000241351007235	5.64371671557e-05
9.79574147969e-05	6.1452967454e-06	0.000245966929226	0.000146068849947	0.00117943974786	6.57072124514e-05
0.000440612789453	2.74173232722e-07	0.000441348834597	1.32666824298e-05	0.000316126241189	2.80703479425e-05
0.000459648424308	3.87334400617e-07	0.000574210097467	0.000317914730156	0.00113441021476	0.000268207548387
4.18794443437e-05	2.25161606749e-06	3.15635436472e-05	2.43480025994e-05	0.000141730012588	4.21736825772e-05
0.000127625258808	9.49061310035e-07	0.000101445794138	8.81550194339e-05	0.000297047045478	0.000124029882271
0.000773526640601	1.39241848329e-06	0.00136527661695	0.000674891069585	0.000173962741814	0.000612575631375
0.000226368046195	2.28407216392e-06	0.00029630801593	0.000167400909257	0.00109596711892	0.000159401271863
0.000586155425903	2.6876139886e-06	0.00064048384353	0.000180338766468	0.000509250273147	0.000232616929369
0.000569258237994	1.72387723545e-06	0.000461173623838	8.09045276711e-05	0.000110973137282	0.000131953009874
0.000157923830304	2.69139462862e-06	0.000279446656385	0.000182678438547	6.80132293611e-05	0.000112858940505
2.76116658639e-05	4.23968627741e-06	2.20741373765e-05	1.97265982685e-05	0.000575267726178	2.63677747082e-05
0.000406612422251	1.28224311142e-06	0.000616976314116	0.000313321926319	0.00061601306216	0.000308157148282
0.000313790548839	2.48107393555e-06	0.000518412459067	0.000208215725288	0.000504442015393	9.73863304924e-05
0.0301405473966	0.0237425890932	0.0138536326703	0.0181017238616	0.0598573949792	0.0538143995399
0.103023297204	0.133846958239	0.0934544564016	0.118649338047	0.300445781394	0.122032326297
0.217875689835	0.128801274725	0.509242090979	0.466101782028	0.723952078732	0.979214544314
0.0452980710803	0.0445472254225	0.0296662262947	0.0237555806667	0.105319248603	0.0778501865419
0.0403069618612	0.035240898606	0.0230980847734	0.0320057447582	0.0550695294523	0.0897549970271
0.125334842791	0.128770778909	0.175969855507	0.177653155815	0.178196981896	0.235640511593
0.000133538652162	0.000141858518833	0.000353057470574	0.000328069207528	0.000710999050954	0.000641338114306
0.00244944316174	0.00247862635514	0.00319593740164	0.00333365843321	0.00292313345582	0.00303647229563
0.00175206122026	0.0018093950726	0.00634784709095	0.00632530435157	0.0120259476185	0.0117518303244
0.00425948845778	0.00423662646606	0.00333543877562	0.00331266463	0.00514763908013	0.00510082849397
0.000450134566087	0.000443889875885	0.000136417978938	0.000140375233964	0.000970178333341	0.000835360215994
0.0017774667821	0.00178658503248	0.00190248457247	0.00195994092791	0.00380257723477	0.00383522317267
0.000257981302675	0.000278780728965	0.000411933185996	0.000387400558619	0.000684201564425	0.000945341029772
0.000111409794409	0.000118266695215	0.000100096886378	8.79203525408e-05	0.000161386480165	0.000383820767653
0.000397477785895	0.000426715399903	0.0015617442224	0.0015449753547	0.00270041695123	0.00254307050573
0.00171305803149	0.00175346472247	0.00131158733708	0.00155510967189	0.002347251293	0.00202730667224
0.000512625960069	0.000513797895381	0.000306769852373	0.000329763526572	0.000746243751947	0.000857289537739
0.00354650731973	0.00357944506125	0.002895475355	0.00275742496944	0.00515573974216	0.00515499911397
0.00134832677221	0.00138404578749	0.00124563704284	0.00131709613962	0.00122819956833	0.000991896214599
0.000218769424759	0.000217626949409	0.000516557660619	0.000516036488288	0.000999630273116	0.000933300261918
0.00109568954815	0.00113857637061	0.00161283226688	0.00161397966391	0.00145576756226	0.00150344245507
0.000129032427773	0.000117547433575	7.54778235375e-05	9.62384654093e-05	0.000178762984495	0.000326009881102
0.000711435149059	0.000670825292196	0.00149658791125	0.00139652367018	0.00282573754194	0.00286444895252
0.000275354194246	0.00029012103974	0.000205200211761	0.000181810062719	0.000407075501803	0.000572216018449
4.94683275336e-05	5.84052031368e-05	0.000216875952112	0.000205432549332	0.00035663266383	0.000474563703311
0.000211368113828	0.000200761273872	0.000464459819413	0.00045957140396	0.000923149817882	0.000946772928929
3.89682653543e-05	4.41834559468e-05	2.46869911486e-05	2.13805086997e-05	7.45354605407e-05	9.88321687623e-05
0.000294235621984	0.000282641205342	0.000609852402084	0.000597469988963	0.00114802074785	0.00118094020358
5.43279083326e-05	5.45928285691e-05	5.68907459038e-05	7.3587732581e-05	0.000234046400885	4.28274493663e-05
0.000168161265163	0.000175071574783	0.000221408730913	0.000222578843157	0.000493096621145	0.000417507827343
0.000396032294797	0.000409085783699	0.000285109297227	0.000314256562883	0.000828593387988	0.000563104439806
0.000178220809148	0.000170727088787	0.000250054140948	0.000248776394291	0.000288576337036	0.00025115794484
0.000481751145053	0.000487751224549	0.00066938921217	0.000679137118749	0.000526749106973	0.000518891570288
0.00028549980852	0.000283903771502	0.000436992790126	0.000400839865416	0.00059849608268	0.000945295922476
0.000378767300648	0.000351633727453	0.000584593706019	0.000582143621461	0.00104345035488	0.000940704956873
0.00141598794516	0.00133473462248	0.00203083468878	0.00200316057669	0.00292457430995	0.00249788018933
6.76491099369e-05	6.44333840508e-05	6.72451426836e-05	5.33198233963e-05	0.000124603731068	0.00018409778846
0.000705765887145	0.000672601089864	0.000990504080537	0.000984169457182	0.00119421715293	0.000996840902877
7.08220725156e-05	7.16790198027e-05	4.53118910735e-05	4.51740342308e-05	0.000121833569207	0.000114894146483
4.9862771548e-05	4.5708624573e-05	0.000275411643951	0.000267766389772	0.000481067192913	0.0005594762673
0.000300453434535	0.000283419171702	0.000372131967348	0.000352196716005	0.000292532932368	0.000355011872142
0.000166636060638	0.00016353785801	0.000263299420594	0.000257813011254	0.0003056913072	0.000303398317404
0.000108404223733	0.000108503041702	6.69836181693e-05	6.8984735877e-05	0.000173480512978	0.000175649612641
0.000325018879749	0.000312133407672	0.000469627261841	0.000409636639261	0.000911177595673	0.000919769384557
0.000150083082853	0.00014868861601	0.000381514528387	0.000375295261734	0.000574719410952	0.000565226817464
2.99438236077e-05	2.78271737473e-05	1.34918342828e-05	1.44129609273e-05	6.29106240041e-05	5.74925420494e-05
8.31989555734e-05	8.60252813717e-05	6.28285812978e-05	6.10821283331e-05	0.00012836020587	0.000134917324461
9.92022336604e-05	0.000105723272829	0.000196176892604	0.000200778191455	0.000299196928253	0.000312979324578
0.000209061436437	0.000214114478077	0.000200711807662	0.000206320056984	0.000466146099351	0.000381493224695
7.82291459167e-05	8.51712966019e-05	0.000112055577391	0.000131796320958	0.00025295713577	0.000239781030258
0.000118858583895	0.000117910780163	0.00014136840607	0.000134245690014	0.000216626176108	0.000284457823975
2.7919826791e-05	2.56689585595e-05	2.77703383964e-05	2.39304510212e-05	5.29309101958e-05	5.31108790894e-05
1.81743605018e-05	1.49841965811e-05	9.40420487048e-05	9.4258972511e-05	0.000186050920463	0.000181198707241
0.00089053671614	0.000863953358787	0.0012328905495	0.0012380074676	0.000932057807448	0.000959698165446
7.35748001034e-05	7.18156399937e-05	0.000210683175911	0.00020690948412	0.000378196486385	0.000408684988767
3.49718773154e-05	2.5817450243e-05	0.000187342736311	0.00018442407732	0.00034734252596	0.000373189554677
0.000244305919595	0.000230186970219	0.000348123898181	0.000337304712911	0.000385262711869	0.000321570316071
0.000105873137665	9.86219204126e-05	0.000152450034417	0.000147874961353	0.000245403936058	0.000209366749153
7.85139495609e-05	7.92840098369e-05	0.000110368137745	0.000109562302162	8.56659374303e-05	8.47872643104e-05
1.05942377512e-05	1.0208128952e-05	3.37982834105e-05	3.4429018028e-05	6.67803233374e-05	6.20806115532e-05
6.06336686729e-05	6.09587953944e-05	4.94238926942e-05	5.25652273931e-05	8.97499171682e-05	7.91402951476e-05
1.02050428866e-05	1.06104432686e-05	2.07367630113e-05	2.01981546235e-05	3.62933329817e-05	4.56940388498e-05
0.000106397444104	0.000108947601979	8.30809341087e-05	8.32001999537e-05	0.000177819331071	0.000174000521275
3.39227302619e-05	3.63533239985e-05	8.57783345413e-05	8.57701883608e-05	0.00016749638009	0.000161934740585
7.14223495728e-05	6.77276157755e-05	5.95284739231e-05	5.08450879407e-05	0.000105671686473	0.000104821624911
1.61104633847e-05	1.6054233076e-05	1.43655923168e-05	1.46159372582e-05	3.31440226816e-05	2.67236216279e-05
8.3186941908e-06	1.0000773193e-05	1.26308267798e-05	1.59595048671e-05	4.71058431336e-05	9.907684876e-06
5.84647114288e-05	5.64325511613e-05	5.47389336053e-05	5.39245382855e-05	0.000105618386469	0.000102412622084
3.7875853977e-05	3.64035084133e-05	3.27233418834e-05	2.6444386926e-05	5.80347533346e-05	6.23701589545e-05
2.1039826639e-05	2.24060085586e-05	4.37901521964e-05	4.28071639244e-05	7.27441590498e-05	7.5462713064e-05
6.49533196892e-05	6.49369661568e-05	4.11163657566e-05	4.02800456645e-05	0.000105501271031	0.000103352630611
2.97342727338e-05	3.12474193882e-05	4.26922308494e-05	4.36739782622e-05	3.31429158624e-05	3.04445269466e-05
9.208517745e-06	9.905990652e-06	7.43400588994e-06	8.15496652865e-06	2.00269823653e-05	1.31144426523e-05
0.00019657180055	0.000191743055172	0.00027154010415	0.000273020570368	0.000206976913652	0.000211933037525
3.49063659687e-05	3.41612202124e-05	9.66721854792e-05	9.46028090965e-05	0.000171908465626	0.000184569716227
3.47143524122e-05	3.52028503597e-05	2.21771210426e-05	2.14378053741e-05	5.61518859332e-05	5.50416695664e-05
3.83953274242e-05	3.65856931375e-05	5.41210841046e-05	5.34588000869e-05	5.89335696662e-05	4.86615939263e-05
9.27751406156e-06	9.42404499829e-06	5.89979479342e-06	5.88160804849e-06	1.52656926921e-05	1.52186553612e-05
1.36749240482e-05	1.51162212461e-05	2.133448264e-05	2.41489590749e-05	4.8734784247e-05	4.48273442685e-05
2.23559380982e-05	2.2269237471e-05	2.18732911587e-05	2.37637169701e-05	1.81858321787e-05	1.22563272806e-05
2.87052635553e-05	2.74641372178e-05	4.01824067574e-05	3.95500086728e-05	4.39780718249e-05	3.6101643314e-05
2.29019869025e-05	2.26847916854e-05	3.95449104069e-05	3.89979930378e-05	6.98605526016e-05	7.45306182223e-05
5.68135504699e-06	5.52283872278e-06	3.40868869182e-06	3.72874390505e-06	9.25590623609e-06	9.39849455955e-06
1.01775638033e-05	1.12984530936e-05	2.00250438165e-05	2.09357723984e-05	4.09809461244e-05	3.81235261791e-05
2.43522030564e-06	2.59507574747e-06	9.54583023424e-06	9.74124244583e-06	1.69977755793e-05	1.71650374424e-05