0.0710619162109	0.0748361790202	0.0694455357987	0.0313312853809	0.286761907809	0.155991513364
0.0893616308987	0.143132718186	0.497543809225	0.45770691742	1.22374714685	0.847244412082
0.0261746198286	0.025171112566	0.0271970953396	0.00998110410915	0.0672975556588	0.0517421509197
0.0537885426984	0.0317321845403	0.066800355924	0.0395461849751	0.0755070464469	0.146228491386
0.124433394414	0.0940408029647	0.184889221901	0.138368880725	0.259730367578	0.107645936071
0.0241807622244	0.0159733366837	0.0228417901347	0.0228163063016	0.0369720621059	0.0833848880664
0.328732520812	0.0247877328532	0.448455091999	0.0306021286489	0.424544116625	0.0309401356827
0.101896504629	0.0976671083805	0.14403400724	0.136575456036	0.110243213163	0.107144537811
0.0193014465216	0.0192995985816	0.00732736011744	0.00756653062406	0.0329840338494	0.0333157229584
0.00377480006309	0.00282578340224	0.00523494435616	0.00396602519312	0.0106205520845	0.00683350951921
0.0673420501465	0.0477824682638	0.0538244151494	0.018746733101	0.11668289894	0.071973927653
0.00745074344646	0.00411818669574	0.00920606310878	0.00777884519455	0.0181055693712	0.0153878466472
0.00111908293326	0.00112728306779	0.00044330418979	0.000438530701576	0.00168994429036	0.00193176636828
0.0430323215793	0.00754426384183	0.0160268464719	0.00345846020195	0.0428100512126	0.00915610585865
0.0240259353611	0.0134152735427	0.0321637850791	0.0179777411892	0.0710260492738	0.0204612036928
0.00160903146304	0.00126044184506	0.00214768173632	0.00156090361525	0.00332948462002	0.0013738668645
0.00178983489237	0.00171386191985	0.00229972509281	0.000767469575492	0.00478070887304	0.00246593828278
0.129248650087	0.00694524721291	0.107075522337	0.00348663064314	0.0458287752414	0.0115876699108
0.0331077701826	0.00569145407372	0.0171320738642	0.0081551568204	0.020243013221	0.00619718450031
0.00153560741477	0.00151512815386	0.00470412411122	0.00381119394563	0.00980164013893	0.00822674050089
0.0263778982768	0.024327370524	0.0306151471567	0.0101514749534	0.0678666671945	0.0265211373878
0.00106335733881	0.000968917016877	0.000951014723004	0.000343929256266	0.0022300832747	0.000791670644282
0.00596899603844	0.0035652490474	0.00518558201317	0.00368805302279	0.00795588020452	0.00394672667333
0.00024711737863	0.000236027223951	0.000202552353008	0.000171162031391	0.000556225979347	0.000570868155007
0.0257984055207	0.00200906078335	0.0241186870424	0.00106392227837	0.0269338567077	0.00370857631952
0.00187380822879	0.000600289558801	0.00201240737641	0.000869152062858	0.00150298168769	0.00179151231746
9.06100279277e-05	9.15146492682e-05	4.38922579499e-05	5.09846753096e-05	0.000189286086972	0.000194571910085
0.0108116045271	0.00162693122945	0.0124086729469	0.000578252787715	0.0155408297769	0.00247934074998
0.000520522218004	0.000254237589321	0.000561689765938	0.000219387600573	0.000961570212236	0.000316631209967
0.00479307126153	0.00207799106901	0.000520231745331	0.000388790550786	0.00448778744829	0.00206288427385
0.000415562541924	0.000249957585932	0.000264463059475	9.79120612999e-05	0.000784430653298	0.000422128411516
0.00930783903237	0.00673917418318	0.00869375951508	0.00529001921523	0.0195498389241	0.00693855558261
0.00290080051008	0.00206035068142	0.00134918003647	0.000409957117885	0.00447258390313	0.00248865103905
0.0128671152039	0.00199524556274	0.0101580116681	0.00121473183769	0.00362349955248	0.00295958322533
0.00178791031405	0.000400730406703	0.00151860911896	0.00123068626582	0.00236402772316	0.00249727920596
9.59024552625e-05	5.18324604368e-05	4.83132168824e-05	2.23082810778e-05	0.000148079317441	0.000174941548719
0.00186333705468	0.00245415762202	0.00235899955984	0.000934859347806	0.00593359321076	0.00365770954988
0.00113307128962	0.000575852027521	0.000879340633168	0.00029558739338	0.00177237888571	0.000730003037562
0.000735128598277	0.00043756315375	0.000425099332473	0.000136978018898	0.000999012208064	0.000833824979257
0.000773818055775	0.0001111532773	0.000471175959765	0.000149230353694	0.00207586367696	0.000107131255492
0.00787659258381	0.00739095991401	0.00826199161401	0.00257986192065	0.0200958648027	0.00796681547117
0.00496089095495	0.00331041504455	0.00460939183949	0.00343173040168	0.0110468933321	0.00478676370197
0.00129270720738	0.000856070091019	0.0011522816652	0.000930812544799	0.0022485705278	0.00195136657147
0.000890575152074	0.000373673894915	0.000888398060571	0.000494450501531	0.00066241428717	0.000442136021127
0.000133453140097	0.000128424240239	0.000119990032689	4.33243912327e-05	0.000297288124122	0.000191585543941
0.00540829922393	0.00165096612862	0.00462904472339	0.00129660254386	0.00718563412161	0.00188999117411
0.00753663056005	0.00251085673724	0.00720301057287	0.00185310940831	0.00887404140767	0.0068116066546
0.0028553140076	0.00196772368233	0.00268773957118	0.00165749975475	0.00478675989046	0.00201138631464
7.67535564717e-05	8.7483409021e-05	9.288476768e-05	3.78724035857e-05	0.000227425111424	0.000141743304574
1.26820022291e-05	2.34912477476e-05	1.12857743797e-05	1.24497181401e-05	5.6518370448e-05	3.79380717983e-05
0.000210534944003	0.000221660551128	0.000257510428765	0.000326754643918	0.000816543919121	0.000587501910905
0.00064415723009	0.000604898821206	0.00022750781621	0.000109079563219	0.00145438755507	0.000626804983143
0.000500559544532	0.000461600504827	0.000597287337168	0.000499413494982	0.00142910512963	0.000575974181154
0.000629560417403	0.000543801716376	0.000333123947354	0.000102309644587	0.00102586028897	0.000461607331118
0.000982114508245	0.000715504939506	0.000556453669967	0.000281877746807	0.00138417986291	0.000960569621343
0.00215265228602	0.00165504504733	0.00317235888165	0.00182287618277	0.00464851590605	0.00189439382426
0.000956964597648	0.000686349981436	0.00143476830691	0.000720015495097	0.00301797426916	0.00106813831873
3.17363451913e-05	2.81718783696e-05	1.57615815824e-05	1.20157911398e-05	8.81216951017e-05	4.49347375646e-05
0.00262402739113	0.00023011136883	0.0019252435277	0.000263499373753	0.000930546131847	0.000927245733251
0.000872206515961	0.000339853555999	0.000989477171698	0.000648005388787	0.00204941127178	0.00141520371373
0.00189248985437	0.00149740113601	0.00177455265133	0.000485391193429	0.0045434038481	0.00358229628805
0.000961871954184	0.000610152168111	0.000711957792303	0.000498988594203	0.00125407884737	0.000696588952908
0.000143687473916	0.000120485899372	0.000252151671599	0.000202144943625	0.000659995477701	0.000265856089892
0.000626714440059	0.000220811414005	0.000802193308873	0.000243855492053	0.0011655554772	0.000864944041271
0.000112952482537	9.05103157132e-05	0.0001088858898	2.70818630879e-05	0.000256625095032	0.000232435093959
1.40358056248e-05	1.75741159188e-05	1.67617343603e-05	1.03664331466e-05	7.38148449376e-05	5.20352708348e-05
0.00355835018315	0.00019010838047	0.00348353452205	0.000139681023708	0.00444126923904	0.000383271814088
0.00068313643057	0.000144481083546	0.000465987688857	0.000317504230354	0.0007630770773	0.000514359950824
1.24416075525e-05	7.3352509712e-06	1.38768192457e-05	1.29192868639e-05	1.97910150687e-05	2.17004185586e-05
0.0098179260309	0.000523168265805	0.00852391070367	0.000280024731488	0.00703190083736	0.000817360661178
0.000365129136811	6.38841721806e-05	0.000345735690823	7.74901539715e-05	0.000497941109148	0.00013254904609
0.000247097553747	0.000227385034154	0.000282554120211	8.48991752357e-05	0.000622899202777	0.000238485622586
0.00151570560238	0.00140170922119	0.00173046436388	0.000537502187934	0.00385791512911	0.00153393417177
0.000142230741271	0.000121472292161	0.000136437956479	3.53302223002e-05	0.00038041400495	0.000274961623262
0.00106450032647	0.000778052870009	0.00102447669099	0.000615149945172	0.00227665989539	0.000744289854912
2.94555597158e-05	2.31489964302e-05	2.37475539608e-05	7.99191380833e-06	7.05298791142e-05	7.53356867175e-05
0.00106811265771	0.000379260963412	0.0012917342012	0.000770785513809	0.0021483090351	0.0017826340357
6.68175195943e-05	6.50773255025e-05	0.000185824610421	0.000119003294154	0.000253610623084	0.000260292034345
7.65931700692e-05	8.70276545429e-05	0.000157220066203	0.000129744979536	0.000179063543875	0.000361024548485
5.09657344752e-05	1.73842873495e-05	2.00371581244e-05	1.75938243131e-05	4.67237076702e-05	5.53417439397e-05
0.000349764530421	0.000228051489538	0.000645481724675	0.000349892594133	0.000745154813998	0.000295793693265
7.8067283755e-05	5.47412779453e-05	0.000100245446752	7.6292428858e-05	7.25798651e-05	0.000106394383398
2.35649184953e-05	2.7753408097e-05	2.6489158502e-05	1.01162440889e-05	7.70462826743e-05	3.02604377736e-05
1.45372945373e-05	6.67002032772e-06	1.31476059209e-05	1.02562944247e-05	3.8839552233e-05	3.19808057474e-05
0.000105085002372	4.76343986343e-05	0.000236497701099	0.000140872900269	0.000386717426193	0.000308242775442
7.34551123668e-05	7.83333735948e-05	8.63875802613e-05	9.50257377694e-05	0.000307889001765	0.000219746668628
4.69555318542e-05	4.39222674506e-05	5.3411668767e-05	3.21282833536e-05	0.000141696453861	7.23813242777e-05
0.000581842344188	0.00021727667127	0.000373829462485	0.000247878836808	0.00071144461152	0.000210670110213
0.00015605315628	0.000138531823421	0.000141931084834	5.62326105049e-05	0.000438908928539	0.000119066288441
5.92621535932e-05	0.000103424168612	0.000122011663902	0.000129770403006	0.000421000392122	0.000166286314061
5.41323937125e-05	5.34642583894e-05	7.83176290808e-05	7.8632080641e-05	0.000110481343314	9.26138930194e-05
0.000413469780503	0.000328660817701	0.000222555818741	8.97483188476e-05	0.000683985596858	0.00038556841562
8.80351268516e-05	7.13636484461e-05	7.36538172415e-05	3.97982118419e-05	9.94922714786e-05	4.97054410834e-05
0.000226290824238	0.000181969885588	0.000361743911918	0.000279482880794	0.000772726847491	0.000406178187038
0.000394516347744	0.000368772415251	0.000486805656	0.000123539666268	0.00100339467423	0.000665631446611
0.000859076591138	0.000806020415757	0.000897400441235	0.000277513672816	0.00223334710157	0.00117160497273
9.98580063481e-05	2.89856670534e-05	0.00014994101493	9.13909204845e-05	0.000237459006906	0.000219509930001
0.000293739418768	0.000128065130424	0.000346636471631	0.000254383247204	0.00020620985116	0.000190730358184
0.000330961790219	0.000164556294617	0.000493837370514	0.000279445385197	0.000839300919362	0.000452364947476
0.00104973107378	0.000499497317238	0.000672420361494	0.000158882357367	0.00122314707083	0.000760817757173
6.40901758281e-05	4.12128835803e-05	0.000121800037834	0.000105453994694	0.000171683021529	0.000258208056607
0.000205223402213	0.000149865196445	0.000163419763582	5.87652526884e-05	0.000351493702961	0.000452467916159
0.000734444706777	0.000615279066644	0.000549600727187	0.000352875585408	0.00130384545031	0.000546983145601
1.89062468833e-05	3.29298092791e-05	2.81540718636e-05	8.3310353626e-06	8.6897724353e-05	3.41216645762e-05
0.000258750986101	0.000115013753945	0.000106127444312	3.00216047947e-05	0.000353022444272	0.000252643061034
2.20649116744e-05	1.96929665487e-05	1.98620210183e-05	6.89556308918e-06	5.52847695215e-05	4.33129865221e-05
0.000206138126925	0.000112222917169	0.000167244943467	3.84411129363e-05	0.000176790587446	0.000260549890119
2.141319638e-05	1.62097050776e-05	7.79842079247e-05	6.33293326624e-05	0.000145413515192	0.000136129777548
8.06838373378e-05	6.9560189176e-05	7.34701404187e-05	1.75610529902e-05	0.000197661727244	0.000150933669033
0.000258464835403	0.00014708094224	0.000288857531418	0.000147287098673	0.000330016539949	0.000173825339119
9.42075353327e-05	3.47841893101e-05	0.000148268603545	6.45224423906e-05	0.000210896314916	0.000187293325693
7.35823508036e-05	5.96182971808e-05	6.42822077245e-05	1.74695585866e-05	0.000148505663989	0.000153530671461
0.000186776480464	6.44072482217e-05	0.00023056007431	9.51979307743e-05	0.000293363123262	0.000290296015798
9.48581376556e-05	6.53114860205e-05	8.63912090252e-05	5.28035627075e-05	0.000158050956745	9.8404885949e-05
0.138407018341	0.114183534725	0.191816625821	0.224029935645	0.354251223421	0.195063401645
0.227664654775	0.138309973234	0.259159900945	0.132799213892	0.33943808673	0.735667160611
0.662891870577	0.200632259939	0.295295155442	0.295196823609	0.709368166075	0.983915462912
0.323848530243	0.0289719436428	0.139289762527	0.0559834157173	0.0755148692884	0.027530033472
0.117872169662	0.0319476041969	0.0653174700747	0.0742576763747	0.103290707175	0.0385344213723
0.139462245826	0.0892973368007	0.160675960119	0.168724099426	0.312373460877	0.145013454778
0.139958331751	0.0646028576187	0.158715508772	0.143297882879	0.19222030039	0.133869705938
0.0405002599591	0.0531866323154	0.064546541091	0.0224041734344	0.129649792662	0.0353451195777
0.0103486903351	0.0324098120366	0.0666269328426	0.0301057530133	0.0692840962161	0.00210041207144
0.00920599443587	0.0141950019283	0.0245865194843	0.0239539190694	0.0402325448881	0.00355798367557
0.00104655645729	0.000842183154406	0.00209087407165	0.00266012651649	0.00345726361141	0.000503436785436
0.0016126093304	0.00782750986295	0.012792762435	0.00534867809722	0.0150349290881	0.000777449584028
0.00134807180914	0.00478167812033	0.00569575574324	0.00530380632145	0.00644193711137	0.000431859745178
0.00197950667033	0.00151852723657	0.00367254607738	0.00298263445702	0.00246563726489	0.000314068495556
0.000751646076207	0.00429046745959	0.00539290428686	0.00461794785619	0.00552419952124	0.000535073994352
0.000739423342535	0.000541598346904	0.000976939245677	0.000663914224142	0.00180676493189	0.000286209368121
0.000297152638447	0.00273523892955	0.00256750759925	0.00138930828486	0.00497209674066	0.000294965851727
0.000373053622029	0.00131386350641	0.00179795928344	0.00166034370578	0.00334849059817	0.00023180145835
9.68658569663e-05	0.00760989076127	0.00778320414187	0.00631991613201	0.0102716354779	7.95266304191e-05
0.000219953323569	0.000389661228336	0.0014270200278	0.0016130605705	0.00145204968572	0.000330441210053
5.29833100783e-05	0.00134455406925	0.00293858943761	0.000672191690377	0.00363616345954	1.87156916956e-05
5.15787803611e-05	0.00079361956342	0.00113929598888	0.000944751254649	0.00198969598447	3.6411409468e-05
6.29510918746e-05	0.00105389084848	0.00248317303552	0.000227430257242	0.0035763844044	8.34194524706e-05
9.93719206569e-05	0.00149040841487	0.00230743708332	0.0022020820541	0.00169441869595	4.48839321718e-05
2.46486783759e-05	0.00188758998087	0.00157155054017	0.000950755587844	0.00319071329107	1.39212302335e-05
5.18756062392e-05	0.000803891505258	0.00110087995708	0.00053065178358	0.00153955295407	7.07976216624e-05
5.96096664927e-05	0.000241481971039	0.000287920544521	0.000237671760209	0.000453725228219	8.60911189423e-05
1.89036163694e-05	0.000620511039974	0.00113698490962	0.00109472933278	0.000752768723533	2.15247813018e-05
2.66587366246e-05	0.000297359680295	0.00103402873515	0.000411513598803	0.00154785255368	9.13645341498e-06
1.36526222291e-05	0.00109753004675	0.00112187726466	0.000965099245603	0.00139215022238	2.29159291446e-05
1.1859449195e-05	0.00134634144819	0.00217365411326	0.00211263126316	0.00160236758954	9.88262942986e-06
9.4538044947e-06	0.00120655506549	0.00138049910389	0.00125181312157	0.00139234433073	7.51515115187e-06
3.98852169888e-05	5.12367295285e-05	0.000322965840544	0.000243765188337	0.000453409012285	4.89364193853e-05
2.0774282433e-05	0.000746212688622	0.00054539418953	0.000278011404099	0.00134858100959	1.04353571129e-05
6.8306022991e-05	0.00030494741147	0.000867080282111	0.000467463942126	0.00100382684728	8.64055074083e-05
2.56457467043e-05	0.000389329511866	0.000468768369511	0.000180694609939	0.000791972535234	3.57316212364e-05
2.59102399153e-05	0.000388530406147	0.00052955056144	0.00044763683499	0.00107773952919	1.65729959301e-05
8.2923008903e-06	0.000249849228534	0.000550169497959	0.000547731588036	0.000517332043633	7.76012064583e-06
8.70857611101e-06	0.000186503971616	0.000760692562393	0.000433675706105	0.000623176561234	1.01316327881e-05
1.42418053946e-05	0.000589646887319	0.000871031176194	0.000569065175482	0.00109005082348	2.21055535253e-05
6.90136287484e-06	4.78503104336e-05	0.000434178705551	7.83875779196e-05	0.00015396268377	9.36680004753e-06
1.81857924009e-06	0.000259959970759	0.000267087110623	0.000182515111655	0.000622489667117	3.72391029566e-06
1.14306061009e-05	0.000156136808903	0.000573520195588	0.000104716834547	0.000296760514208	5.64873674452e-06
1.01612458788e-05	0.000333635871101	0.000291449247314	0.000175040630486	0.000705631092881	9.36168759405e-06
4.28183320139e-06	0.000542084250184	0.000630973751914	0.000391682691633	0.000998327118158	7.58081326096e-06
3.34160941838e-06	0.000181704772972	0.000397821880133	0.00038995559555	0.000288500687349	3.01548323035e-06
9.75683813461e-06	4.93924283507e-05	0.000405889820482	0.000114940504334	0.000533883891883	1.03100841125e-05
8.00710997305e-06	0.000174277592106	0.000330130121049	0.000321535811085	0.000231368650621	3.96188474639e-06
7.91189111731e-06	6.19370591356e-05	8.42914596718e-05	8.17282511388e-05	7.19149234405e-05	5.44667327506e-06
6.46822029978e-06	0.000292114356436	0.000387503603887	0.000216553329991	0.000547250605333	2.68199483616e-06
4.24966252893e-06	0.000174728217303	0.000175647239945	0.000155876109992	0.000216860364449	3.23346855231e-06
3.44575837187e-06	0.000151947253293	0.000303423718542	0.000104181000952	0.000298997376962	7.4005529687e-07
5.78485825791e-06	0.000207416667309	0.000163140032046	0.000113830446353	0.000322075569101	4.21696039782e-06
4.22302389675e-06	4.83537283705e-05	0.000157319295995	3.75654380379e-05	0.000167596832534	2.2817328603e-06
6.58154053037e-06	0.000117950597108	0.000142346137541	0.000133835491649	0.000132413972004	2.59293162779e-06
1.66808589837e-06	0.000133080717648	0.000117286589307	9.63191479294e-05	0.000183785343934	1.12388145639e-06
4.78047807906e-06	7.36081985045e-05	0.000107972550853	8.72434394097e-05	0.000120307579402	1.73998709329e-06
4.39837337857e-06	2.51337682205e-05	7.34789328868e-05	1.06297143009e-05	4.94855194694e-05	6.06586725259e-06
2.06173552316e-06	9.01657045916e-05	0.000158677688274	0.000154980180002	0.000114916872008	1.84202973881e-06
3.49814397507e-06	7.45440568111e-05	9.27316839395e-05	4.68469375778e-05	0.000141718528452	2.89719646338e-06
2.54734468099e-06	6.79079771251e-05	0.000115635256896	0.000112457283454	8.27960308189e-05	2.27949409872e-06
4.22505912792e-06	4.28044681904e-05	3.09901691063e-05	1.38881998205e-05	7.97727477975e-05	2.66467508475e-06
4.00728434336e-06	9.52931478391e-05	0.000109510041948	5.00663464312e-05	0.000184913129594	6.38266403026e-06
5.21037286532e-06	2.46037619735e-05	1.97567095652e-05	1.05926788597e-05	5.71785575321e-05	4.72059155324e-06
2.62513555722e-06	3.46142052523e-05	4.25629252478e-05	3.04678190129e-05	5.77482421247e-05	4.54996468788e-06
1.058707526e-06	5.79368917054e-05	6.97044239311e-05	6.40184260819e-05	6.54018440269e-05	8.42882525433e-07
3.17990907276e-06	9.2431897577e-05	0.000128785185506	0.000121890907912	9.95124788815e-05	2.95174280975e-06
1.49221561596e-06	1.69921772687e-05	0.000120204351489	2.55999856689e-05	8.17299594782e-05	1.2810072099e-06
1.26601492012e-06	1.21231949726e-05	1.04837583117e-05	7.70009556702e-06	3.0956522691e-05	7.04501160131e-07
1.36063056994e-06	9.11026996088e-05	0.00011462165308	0.000106311789041	0.000100536117368	7.57136208066e-07
7.99816599454e-07	1.00517527709e-05	6.82140146047e-05	1.66205898611e-05	2.61652679133e-05	4.5403644291e-07
1.74221311869e-06	1.03846171173e-05	2.07855812536e-05	8.43560054327e-06	3.71820359219e-05	9.41217384891e-07
1.53239807081e-06	1.37242455388e-05	7.09845559562e-05	4.280952213e-06	3.11260230506e-05	1.80936135672e-06
1.06392878062e-06	8.66183511757e-06	1.30178113575e-05	1.00455382144e-05	2.97779972005e-05	3.92390945899e-07
5.52140605806e-07	1.76977303805e-05	7.08551625682e-05	8.92301598264e-06	3.71944524611e-05	1.4349898541e-07
1.94928364816e-06	0.000243596315833	0.000384214407774	0.000266062295961	0.000449804952151	2.48114003301e-06
7.65065949766e-07	2.7573560743e-05	4.96714241887e-05	5.06257747611e-05	4.44186057998e-05	2.90769024145e-07
7.34991409078e-07	3.30721843597e-05	4.8520361117e-05	3.20058868426e-05	6.2141240325e-05	6.48756857644e-07
1.09720694412e-06	7.91187560322e-05	7.96006591536e-05	6.79215810326e-05	0.000101403439475	1.06561644307e-06
3.31282317978e-06	1.85923271958e-05	1.48565885721e-05	1.10763261335e-05	2.7814617091e-05	1.90570844286e-06
6.13807001401e-07	3.95529818589e-05	6.23028812353e-05	6.09483124328e-05	7.01488884714e-05	9.81505734096e-07
8.59314262473e-07	1.65072549186e-05	2.37008350559e-05	1.18877585816e-05	3.30556356437e-05	1.25349573279e-06
3.77085957491e-06	0.000105398910727	0.000102441516649	8.40289371744e-05	0.000141693891106	3.50623105914e-06
9.4504140491e-07	1.22603607622e-05	1.16271848163e-05	6.94988052018e-06	2.12609092278e-05	3.37585075504e-07
3.42376227973e-06	1.43941519629e-05	9.46664152073e-05	1.66007216585e-05	3.43087801201e-05	4.58229173547e-06
8.3887066432e-07	3.12083095684e-05	3.21205863254e-05	2.60252895826e-05	4.15835067785e-05	5.91383757042e-07
4.63917762744e-07	1.12594893854e-05	1.85415340439e-05	1.51469075746e-05	6.50404915591e-05	1.2536925918e-07
4.29584043271e-06	4.28801244594e-05	9.0095497169e-05	8.82363506612e-05	6.67525479867e-05	2.95881526644e-06
1.97729897736e-07	6.60988626269e-06	4.49582358103e-05	4.22585002433e-06	2.87273781256e-05	1.22848022936e-07
1.37918856086e-06	6.73183129115e-05	0.000102821391719	7.73412401502e-05	0.000114459842414	2.52884152133e-07
1.73552078239e-06	2.25583965818e-05	1.88759681315e-05	1.21332336407e-05	3.73378869753e-05	9.34131014968e-07
7.21971722871e-07	6.90897456345e-05	6.35273752558e-05	4.69269644351e-05	0.000103218097256	4.44535175397e-07
1.23550581024e-06	0.000153327413828	0.000232774291028	0.000157750645393	0.000279662192334	1.15498372425e-06
1.8150951053e-06	9.42137018131e-05	0.000103757925095	9.43018037516e-05	0.000135562721357	1.4125761223e-06
2.23350416842e-06	5.40741903514e-05	8.50196400184e-05	3.90262393096e-05	0.000108626291353	1.06181653473e-06
4.9385461108e-07	3.03548264474e-05	6.12162095263e-05	1.59940366829e-05	5.46525855016e-05	6.47671072917e-07
2.03394948866e-06	7.10593239558e-05	0.000110465770698	0.000107707893194	8.41421973888e-05	1.10656718117e-06
2.68060460405e-06	1.5046461738e-05	1.47393367398e-05	1.060938066e-05	2.24604746112e-05	2.52315490521e-06
4.47867778239e-07	7.46233805654e-05	0.000114580801744	7.71997624796e-05	0.000135422882179	3.92881760445e-07
5.97305318993e-07	2.86138785041e-05	5.68920380756e-05	5.37504993874e-05	5.65351183393e-05	8.84315534332e-07
0.325302267311	0.0718474555954	0.277227227524	0.106293495446	0.454017687269	0.191581110408
0.184668118147	0.242232500431	0.331031777953	0.213212210648	1.14875936651	0.1376781299
0.256207865041	0.692997243274	0.650070607516	0.155755156433	1.48500666613	0.363830217503
0.0697309505951	0.0192498542154	0.0810423809738	0.0303216673423	0.182915150825	0.0490561679653
0.0381232397849	0.0342056150548	0.105612742517	0.0461638027772	0.10554825364	0.0604239571903
0.355242390146	0.0851652562037	0.161311850501	0.0904919076401	0.297476480952	0.0897109227091
0.100227338986	0.127646795473	0.233325320767	0.128264251649	0.295967405592	0.176110339986
0.0521223449484	0.0219803804029	0.0739908853259	0.0184292609048	0.0628858757687	0.0802481434861
0.0631242902069	0.00174980232544	0.0769510729147	0.0380115717476	0.105251359583	0.0319010011061
0.023113774391	0.00684636232404	0.0404749086144	0.0205495902389	0.0744100047015	0.0199703640052
0.00157339520532	0.000757818364647	0.00342615046993	0.00183766734841	0.0294184011408	0.00221683540356
0.00954612276574	0.000690383150155	0.0121436466716	0.00642551500281	0.0260254382308	0.00865568575749
0.00581341387104	0.00102913168933	0.00772614131795	0.0053018896579	0.0239603154661	0.00431468040888
0.00373525645474	0.000175146270071	0.00229766508577	0.00157495809107	0.00194539976994	0.00300136825881
0.00489315007153	0.000522612566372	0.00738300515626	0.00476324324913	0.00515824654825	0.00400954014553
0.00284386694486	0.000193056952263	0.00170458399303	0.00020307227489	0.00618992016064	0.00092911238455
0.00289134178353	0.000206624304294	0.00215203671728	0.00167699743417	0.00933419456874	0.00282799515933
0.00187592840018	0.000265827713305	0.00270984285528	0.00140123791021	0.0103410071308	0.00164507825011
0.00812604994054	8.56301084686e-05	0.00753125941128	0.00674579409206	0.000620983940965	0.00772182630616
0.00167543001985	0.000194209536345	0.00251707219005	0.00112901996962	0.00854406640315	0.000176997255318
0.00522373486629	2.39697404953e-05	0.00270402285837	0.000836956648393	0.00112559365573	0.00175937503705
0.00113008398389	3.66876734992e-05	0.00240791285509	0.000760967673254	0.00410052000381	0.00102060731466
0.00449717360257	4.67581111785e-05	0.00293404721045	0.000253384857448	0.00115438075681	0.00151066941351
0.00182931760135	7.50623769797e-05	0.00321774570608	0.00215291098611	0.00054788286366	0.00137581221105
0.00202443526163	1.47763817071e-05	0.00160988430159	0.0011324211186	0.00228319774198	0.00201638201324
0.00172229433739	3.0732785092e-05	0.00118869631435	0.000530373339935	0.0122842031833	0.000902555105071
0.000851534237351	3.86568255857e-05	0.00051018420832	9.26949110082e-05	0.00837916700678	0.000423605638283
0.000781655998416	1.60049939695e-05	0.00164553218252	0.00105046889596	0.00391350578759	0.000546516891447
0.00139490571697	9.68405063407e-06	0.00134834575863	0.000256130173716	0.00119787405905	0.000452397934905
0.0011854261511	9.08374643471e-06	0.00114904677929	0.00101058562402	0.00566989954913	0.00109322473928
0.00171329550545	1.08486957877e-05	0.00317066780452	0.0020291390015	0.00241296647981	0.00118887690127
0.00132776793182	8.17715686082e-06	0.00155962942996	0.00127425117402	0.00211652358272	0.00117310823037
0.000292666665341	3.16958692194e-05	0.000494547787721	0.000172211525517	0.00113413786194	0.000112080786625
0.000808599509244	1.40743258792e-05	0.000599275946178	0.000352317893319	0.00225386102954	0.000800928107001
0.00113237246977	4.73353278863e-05	0.0009828373383	0.0004413439076	0.000130759885197	0.000304674059363
0.000516486665835	2.30684439118e-05	0.000433743867315	0.000222052799793	0.00238752027111	0.000439093517516
0.000552190769112	2.07328853759e-05	0.00116802323526	0.000339882421194	0.000929658378674	0.00047331008968
0.000373550703906	7.45816145705e-06	0.00100209078308	0.000489519666119	0.00190702175544	0.000208871910272
0.000525728253546	8.12232830436e-06	0.00069886308165	0.00036090089186	0.000145808221451	0.000178756805076
0.000885167882406	1.3067485415e-05	0.000980895126144	0.000539770161133	0.00184489086512	0.00064158452207
0.000121542367495	7.86461765087e-06	0.000437702289996	0.000118644503152	0.003797560405	3.47005224683e-05
0.000315074847395	1.57274019497e-06	0.000409719227008	0.00018232163546	0.00120530000553	0.00030643240054
0.000213343265405	2.04725807093e-06	0.000463826409331	0.000109479486919	0.000343709235736	0.0001930519677
0.000381244157376	9.26487328747e-06	0.000360957880824	0.000189497609928	0.000662811755555	0.000375741019068
0.00076088552384	5.07778417735e-06	0.000657424028813	0.000360618004	0.000480550682636	0.000604349079299
0.000259508647243	2.70512950115e-06	0.00062340629931	0.000365855601566	8.65474648776e-05	0.000151373265198
0.000603867560188	6.96683131604e-06	0.000329164758338	5.81822140408e-05	0.00219368245179	5.01840488755e-05
0.00022613029194	6.24503283118e-06	0.000492629136959	0.000305101854673	0.000607917375136	0.000150975238516
7.25057226575e-05	6.38898796174e-06	0.000111422404884	7.8702507734e-05	0.00025344093604	5.69803624032e-05
0.000723139219046	3.45858154696e-06	0.000364178138725	0.000217961479909	0.000391441407519	0.000328770485211
0.000191083676901	3.63236990795e-06	0.000185892241787	0.000162002493064	0.000205611439854	0.000173589096147
0.000221500908999	8.63158660429e-07	0.000276896726737	9.92158345814e-05	0.00192317125228	0.000165204661557
0.000224549091884	4.66249323528e-06	0.000151831323382	0.000129936302022	0.00116481536575	0.000216174667979
0.000339490398092	2.33817014937e-06	7.09457494144e-05	3.76821628681e-05	0.000285969282142	6.50464988223e-05
0.000137471680348	5.0179280353e-06	0.000180716948361	0.000133295082195	0.000235491302254	0.000110706983624
0.000144067368402	1.20076963405e-06	0.000110742257577	0.000103392769372	7.1278607595e-05	0.000135102387174
0.000118559695339	1.40245095397e-06	0.000138918357566	7.07165105072e-05	0.00096867300328	7.45846563026e-05
4.90419220342e-05	3.61736588884e-06	6.17594430206e-05	9.84066117968e-06	2.7175391197e-05	3.21908632236e-05
0.00011796596549	1.93475697952e-06	0.000237890238745	0.000147522539494	0.000105009683299	7.79811561743e-05
0.000132862790458	1.43683441923e-06	9.70838774896e-05	4.57731893415e-05	9.31435801277e-05	9.37496884738e-05
8.60053505365e-05	2.30915824707e-06	0.000168627892334	0.000107435555711	0.000159999139276	5.96715240782e-05
4.66005369771e-05	3.37772265062e-06	3.43102570349e-05	1.81492927155e-05	0.000135809920502	4.60860927988e-05
0.000112029744188	3.98909314632e-06	0.000105500397114	5.39668266898e-05	8.93464870695e-05	0.000115794165254
2.82462257829e-05	4.34575494598e-06	3.14071031364e-05	1.14058830665e-05	0.000157979620494	2.7805837763e-05
6.85124517335e-05	2.71776150436e-06	4.61400037003e-05	2.77427837257e-05	0.000118644531561	3.65083172009e-05
6.55732277221e-05	6.79345844192e-07	8.56226223063e-05	6.48421597541e-05	7.55506573633e-06	5.58121900767e-05
0.000108061232557	2.93761238566e-06	0.00016845562177	0.000119694518604	0.000479223949038	8.54959926511e-05
7.71492418011e-05	9.70518072508e-07	0.000105208187777	1.49751129066e-05	0.000149858124562	2.9199561296e-05
1.28522031365e-05	9.28758076216e-07	9.78883585668e-06	6.53806859686e-06	0.000105995042075	1.45189198584e-05
0.000102246934787	1.07276414834e-06	0.000138242096174	0.000106221874284	0.00048296017846	8.69140626395e-05
2.31722982732e-05	2.22872737692e-07	5.20122827485e-05	1.21418579294e-05	8.17119679879e-05	6.26967102506e-06
7.09565375987e-05	5.01964539956e-07	2.98100569522e-05	9.88461255207e-06	0.000162978096412	7.09350880466e-06
3.97044647127e-05	1.1593128548e-06	5.05473389635e-05	6.41290086617e-06	8.46946861151e-05	2.25208649081e-05
1.19608231542e-05	5.02649159938e-07	2.9585352565e-05	7.93207510577e-06	0.00019596100797	9.65884256924e-06
1.83063750837e-05	7.43432773429e-08	4.78953156814e-05	1.02748959997e-05	9.37244414173e-05	2.10680517108e-05
0.000385670468457	1.0720547342e-06	0.000455446020064	0.00024412611308	0.0011348800002	0.000261659604955
4.20828090614e-05	5.7799270999e-07	8.58022186791e-05	4.63018427159e-05	6.63745596212e-06	2.45090994833e-05
8.26428749119e-05	5.16861626506e-07	5.56080111644e-05	2.87794678846e-05	0.000269655080056	3.15748380311e-05
8.52971989477e-05	1.00990924286e-06	7.97523161573e-05	7.12163939343e-05	0.000363144488713	7.92845664329e-05
2.02265216499e-05	2.61026391053e-06	1.72291560121e-05	1.24689368738e-05	0.000440950751158	2.02385752843e-05
7.43752874588e-05	4.77827681012e-07	9.4594757125e-05	4.94575815594e-05	0.000433935010075	3.87786409253e-05
2.10529746478e-05	7.25018365249e-07	2.19794062925e-05	1.28322514705e-05	0.00014786486024	1.97468295746e-05
0.000113429373494	3.44989822186e-06	9.82768671253e-05	8.9340741198e-05	0.000893162171572	0.00010614628448
1.2988349264e-05	6.20987478061e-07	1.04658265177e-05	8.40038770473e-06	0.000150853213235	1.30733524665e-05
5.21320066041e-05	2.83392467634e-06	4.86257241363e-05	1.51982745826e-05	7.27543370936e-05	1.42427032061e-05
3.33075447684e-05	6.223288947e-07	3.07713689578e-05	2.75860341341e-05	0.000125269220891	3.13403707732e-05
8.55392838661e-05	6.53062433187e-08	2.87171531025e-05	9.31794091586e-06	0.000174019020581	1.66796699563e-05
5.96499965445e-05	3.43682613311e-06	0.000137725599082	8.28760575255e-05	0.000265243273933	3.67853841939e-05
5.41812385022e-05	1.32484059816e-07	2.39184659961e-05	4.4128280951e-06	0.0002700960705	9.26296437857e-06
0.000102735483497	1.81850109795e-07	0.000116963461148	6.90526399731e-05	0.00053006712157	7.43542258515e-05
2.43105597119e-05	1.30788452909e-06	2.02200248054e-05	1.44891888412e-05	0.000114044497983	2.45906922206e-05
7.3600117923e-05	5.53236529237e-07	5.84752081844e-05	5.19349138798e-05	0.000106173684508	7.14922437313e-05
0.000230202287557	5.31196049296e-07	0.000261125855358	0.000151460016445	0.000177224884438	0.000167521831371
0.000102106485509	1.39953829545e-06	0.000139542368626	9.68445589227e-05	0.000261530422909	9.0325318766e-05
7.53039455192e-05	6.2549733364e-07	8.31079577122e-05	4.12819428654e-05	0.000468444007238	6.28744527261e-05
8.91183397648e-05	3.45573246557e-07	2.36002518678e-05	1.66534698994e-05	2.97121020742e-05	3.78909530083e-05
9.20469988365e-05	1.54556475874e-06	0.000163958561908	0.000103822794848	3.3572166217e-06	6.27083911116e-05
1.60551515297e-05	2.42729605219e-06	1.27245543372e-05	1.1642561877e-05	2.51281667676e-05	1.50976461324e-05
0.000110606648541	2.53358391148e-07	0.000131463636578	7.00209394325e-05	0.000195010014929	8.25983059526e-05
6.35802971718e-05	5.28654128408e-07	8.93371715004e-05	4.67336483349e-05	7.22704602604e-06	2.61093869758e-05
0.0161892211685	0.0136573604774	0.00502254684634	0.00972696809919	0.0388180256788	0.031839254507
0.018318474782	0.0303343242359	0.0326519128623	0.0440385056537	0.120716545805	0.0247928282679
0.0728242358651	0.0788122970911	0.280918471216	0.261186910072	0.520931599819	0.58800826667
0.0252858425805	0.0259444689729	0.0106366588965	0.0140719668053	0.0678000627458	0.0491979362301
0.02318590541	0.0198492090535	0.0112356302776	0.0106976357234	0.0326742386765	0.0561520823907
0.0714412776177	0.0737640024429	0.099985380151	0.101703586667	0.126564756184	0.142591464259
9.47129987073e-05	6.97716239365e-05	0.000215603000015	0.000207254037158	0.000387728043394	0.000336978851611
0.000428453021616	0.000441845891421	0.00131976289982	0.00136980503688	0.00229574964707	0.00236779523376
0.000976301168006	0.000918809693902	0.00357080772012	0.00354176537683	0.00728712322131	0.00713225240707
0.000543854497458	0.000542462772741	0.000424766060647	0.000420832145404	0.00157201284595	0.00155908364229
0.000236055475919	0.000229736870312	7.62406158082e-05	0.000102841091073	0.000587280910707	0.000516052710815
0.000292398889897	0.000296216726794	0.000773177287056	0.000797464975966	0.00172331113128	0.00172730710195
0.000139393325215	0.000141284215665	0.000265018101674	0.000242281850074	0.000362345488519	0.000517277542621
6.03456443685e-05	6.20312170995e-05	7.05874979713e-05	4.87289904653e-05	9.62647455457e-05	0.000222949682752
0.000243353594666	0.000257065065814	0.000855952582448	0.000848283520506	0.00171505871389	0.00162949907694
0.000380792754038	0.000388550125312	0.000536775231414	0.000536071833375	0.000776019891994	0.000559331771402
0.000272689032775	0.000276334432862	0.000201878743315	0.000140631489126	0.000446764634282	0.000481939942171
0.000471502130202	0.000484125156538	0.000590404090264	0.000536642755212	0.0017554610287	0.00176242029516
0.000503346971952	0.000519190445646	0.000726118281674	0.000724109236584	0.000649286736838	0.000495054402062
0.000133990009772	0.000134691617009	0.000310509760383	0.000314406701915	0.000537506889708	0.000493090529364
0.000645369579404	0.000666876896455	0.000919402088012	0.000926488110081	0.00100688161272	0.00100401573927
6.46347989914e-05	6.78057884003e-05	5.85618183901e-05	3.47718143329e-05	0.000105171215693	0.000190091476752
0.00039377970532	0.000404177141151	0.000797082207357	0.000771605615565	0.00160270485772	0.00165457471744
0.000149381239674	0.000151678515796	0.000138669992645	0.000114263537391	0.000245700838461	0.000319722811554
4.17104115499e-05	3.16453235907e-05	0.000136420464359	0.000126881874054	0.00018706263676	0.000258992894856
6.21740691428e-05	6.95723022164e-05	0.000256580432001	0.000258164750358	0.000531350340149	0.000549333916689
1.96034732446e-05	2.32320980059e-05	1.39763128128e-05	9.07131277115e-06	4.65093017764e-05	6.06280291561e-05
9.17733167352e-05	8.78116631685e-05	0.00032452003869	0.000325065949961	0.000658148219368	0.00068324172589
3.07901648471e-05	2.81172082528e-05	3.28252804685e-05	4.94548444463e-05	0.000133199887392	2.10349501052e-05
9.0303308562e-05	8.97036113309e-05	0.000139464985904	0.000142762534142	0.000269763073122	0.000221189627141
0.000215478793059	0.000212341121152	0.000178198711474	0.000210705488975	0.00046066359179	0.000336922781459
0.000103359079681	0.00010023514751	0.000142818410321	0.000141261942238	0.000172145740874	0.00015290234963
0.000274104614355	0.000278395672177	0.000382588765143	0.000384944187401	0.000305417450819	0.000302463170632
0.000169156946189	0.00016774838453	0.000267542501723	0.000234511083315	0.000300387320808	0.000520038445214
0.000229026466778	0.000217082400772	0.000322238849528	0.000322671761782	0.000661052929525	0.000614053783597
0.000835339940707	0.000793374993383	0.00116304402024	0.00113319654629	0.00182210819712	0.00166432196507
3.80731195722e-05	3.74174682672e-05	4.23100817046e-05	2.93514380369e-05	7.14235727089e-05	0.000105682523574
0.000409432332246	0.000395906402806	0.000565809712434	0.000557148025244	0.000697503997488	0.000597043182248
3.99212534979e-05	4.00774111824e-05	2.27904927903e-05	1.59246709854e-05	6.99058415415e-05	6.74918218798e-05
4.71836817691e-05	4.47424114191e-05	0.000170095978501	0.00016344900322	0.000253880662988	0.000302364909443
0.000148548616956	0.000141466407843	0.000207416913382	0.000204132886429	0.000225606625918	0.000250066365881
3.65384866962e-05	3.77031057949e-05	0.00012160766648	0.000119847807429	0.000222708251891	0.000219820661937
5.98704982713e-05	6.03181318751e-05	2.29264600488e-05	2.35923364769e-05	0.00010165350626	0.000103292223072
0.000120768056575	0.000126109570041	0.000223686722659	0.000210101259023	0.000459495715704	0.000481506337929
6.19020610501e-05	6.83144460642e-05	0.000198935625359	0.00019824332165	0.000384260645555	0.000377589854294
1.56632748555e-05	1.40525444929e-05	6.75956864767e-06	7.76659576804e-06	3.92758385012e-05	3.55452579843e-05
4.51620390276e-05	4.47833461828e-05	4.0577849027e-05	3.95160800835e-05	7.51466660773e-05	7.32864450963e-05
6.32520386038e-05	6.52942451311e-05	0.000105460975747	0.000104759994029	0.000199615533157	0.000206172434503
0.000112225627399	0.000111389904106	0.000126864421164	0.000133979717811	0.000255099951631	0.000203338352416
3.89810026618e-05	3.75396763998e-05	5.93829355185e-05	6.39424588295e-05	0.000137285500299	0.000124752555873
6.91319925931e-05	6.89729119899e-05	8.50890381572e-05	7.8687625645e-05	0.000120440927956	0.000154822806889
4.91778592427e-06	5.20191189708e-06	1.02610374695e-05	9.22116798455e-06	2.21471619404e-05	2.32540512436e-05
1.67716401638e-05	1.30739785599e-05	5.80697526263e-05	5.86874873372e-05	9.99983060335e-05	9.67098306056e-05
0.000511691130809	0.000502055248458	0.000705403572772	0.000703972456013	0.000535360030818	0.000563855443958
4.57724583618e-05	4.57621378991e-05	0.00012847120554	0.000125385553239	0.000200646862776	0.000219365090306
3.26463171174e-05	2.72928178992e-05	0.00011594255099	0.000113893963739	0.000185066075303	0.00020065568607
0.000143586799827	0.000135240093946	0.00019990829716	0.000192533141463	0.000253276732672	0.000235298578381
6.25574600802e-05	5.86333694213e-05	8.70024995812e-05	8.31521545749e-05	0.000146301025597	0.000127957214526
4.49679292862e-05	4.5292400576e-05	6.27816804085e-05	6.23585018098e-05	4.99755895826e-05	4.90526089158e-05
6.58072136089e-06	6.73867792186e-06	2.0446615941e-05	2.10995976949e-05	3.58521699911e-05	3.29240834616e-05
7.99809704158e-06	8.83372658584e-06	9.73100586635e-06	1.2293870492e-05	3.06737584148e-05	2.51807381673e-05
5.32409633821e-06	5.42122330169e-06	1.31187296271e-05	1.26604267609e-05	1.91167808018e-05	2.49521783818e-05
5.71886875084e-05	5.71473443918e-05	5.33609292401e-05	5.39183163239e-05	9.66527785788e-05	9.43206517192e-05
1.52564350099e-05	1.3656693389e-05	4.72431411881e-05	4.69375931063e-05	9.79084157744e-05	9.54442462803e-05
9.85179206464e-06	9.04248267294e-06	1.41038650181e-05	1.12347020814e-05	3.61734553066e-05	3.81696780206e-05
8.56359170989e-06	8.46436774585e-06	9.15387329231e-06	9.47460429662e-06	1.81376601336e-05	1.40231859085e-05
4.60955226558e-06	5.69079707444e-06	7.66443123951e-06	1.06742058631e-05	2.66766821717e-05	5.91734888379e-06
8.80972746577e-06	8.67771714312e-06	1.83931012551e-05	1.88119899835e-05	4.24095702728e-05	4.21841552837e-05
8.85479037114e-06	9.40537969892e-06	1.2324959684e-05	1.29899981016e-05	2.06216155373e-05	2.40940011092e-05
1.35257183704e-05	1.39131472139e-05	2.40769572579e-05	2.35962390065e-05	4.63937412046e-05	4.79238563858e-05
3.6017365673e-05	3.58749443212e-05	1.40965201501e-05	1.37601126263e-05	6.19574955648e-05	6.06719064448e-05
1.72745185454e-05	1.81417075988e-05	2.45348795516e-05	2.52165957141e-05	1.96883415748e-05	1.744460597e-05
5.09534110855e-06	5.04450628463e-06	4.57920489402e-06	5.43214414178e-06	1.10295357495e-05	7.86093859145e-06
0.000112737954374	0.000110895280184	0.000155346279577	0.000155282464928	0.000119179492927	0.000124254802728
2.16228551446e-05	2.1662799701e-05	5.89167582418e-05	5.72590761439e-05	9.1108845888e-05	9.80508039095e-05
1.92554021628e-05	1.92019123973e-05	7.58735573836e-06	7.27429575951e-06	3.30472498736e-05	3.24130540594e-05
2.23789200298e-05	2.15002145677e-05	3.10186217142e-05	3.04411395114e-05	3.73298549439e-05	3.4578877345e-05
5.20612835503e-06	5.23407779002e-06	2.1078331294e-06	2.01397909607e-06	8.91783516555e-06	8.92181542231e-06
7.44531524363e-06	6.76500685322e-06	1.15819830301e-05	1.19467217757e-05	2.66378445449e-05	2.3711528114e-05
6.27906962041e-06	6.62301394044e-06	9.21173623352e-06	9.3843500529e-06	1.17101204651e-05	1.08606614927e-05
1.66058514563e-05	1.59734204297e-05	2.29244962482e-05	2.23679020791e-05	2.47552378219e-05	1.91911938837e-05
1.36498468038e-05	1.3644193633e-05	2.38614306175e-05	2.33989907252e-05	3.69547929811e-05	3.9605237307e-05
3.15726308795e-06	3.18159958079e-06	1.96382639288e-06	1.93204218904e-06	5.36437010074e-06	5.50157412776e-06
2.87478970274e-06	3.01160492896e-06	1.07623507856e-05	1.08952894476e-05	2.32651239131e-05	2.15629504927e-05
1.6741107935e-06	1.91227477613e-06	5.29624139334e-06	5.386979225e-06	1.05992007511e-05	1.06222073508e-05