114	-0.0007802987	-0.0043770475	0.000307456	-0.0036557105	-0.0306212846	-0.0070983069	-0.0002455996	0.0028914127	0.0009240217	0.001053249	0.0098491507	0.0029799761	-0.0007853949	-0.0096886475	-0.0029540143	-0.0013142143	-0.0123637216	-0.0038067934	0.0033172292	0.0191703439	0.0039983499	0.0028209919	0.026159998	0.0054234853	0.0017193434	0.0114139542	0.0026670799	0.0003892944	0.0037205454	0.0005032288	-0.0011621891	-0.0055301245	-0.001004478	-0.0010024475	-0.0086670416	-0.0016954463	-0.006299858	-0.0290656872	-0.0030184861	-0.00691811	-0.0430854447	-0.0064826389
125	0.0004866921	0.0036333404	0.0011869962	0.0190057214	0.0021150915	0.006203068	0.0030600892	0.0014631002	0.0012722309	0.000703237	0.001346428	0.0005030732	-0.0014710765	-0.001013549	-0.0006785674	-0.0020230685	-0.0009946447	-0.0008549075	-0.0101675652	-0.0013707064	-0.0029816406	-0.0107891727	-0.0006948683	-0.0028784596	-0.0027514051	-0.0011337617	-0.0010399115	0.0026508162	-0.0011626871	0.000114118	-0.0069412384	0.0012992757	-0.0010020461	-0.0024050407	0.0010926609	-0.0001430331	-0.0024083494	-0.0115591893	-0.0032546539	0.0121171959	-0.0127498358	-0.0010529328
341	0.0021436417	-0.0876917318	-0.0376366973	-0.0195214394	-0.127042741	-0.0788453892	-0.0051196418	-0.0578626208	-0.023864137	-0.0064493218	-0.0645089969	-0.0269761998	0.0003533218	-0.049530942	-0.0137655875	-0.0006198842	-0.054235395	-0.0165028218	0.0019387822	0.0203125719	0.0083489688	-0.0004715613	-0.001580504	-0.000635042	-0.0138778957	-0.0794690624	-0.0403267182	-0.0029073434	-0.0058984417	-0.0075614611	0.0068369308	0.0579244718	0.0241980832	0.0037670981	0.0298781097	0.0126099521	0.0354775228	0.241723955	0.109009095	0.0242887866	0.148456246	0.0681572035
363	0.0095183132	-0.0207615811	-0.0071342252	-0.0089164553	0.0176984873	0.0108865546	0.0082236957	-0.0584082045	-0.0227870047	-0.0050078495	0.0138858901	0.0052428679	0.0026741359	0.0034558615	-0.0001852554	-0.0024819509	-0.0531576909	-0.0189594608	-0.0003602645	0.0047767707	0.001549562	-0.0001431393	-0.0021472366	-0.0008421598	-0.0037147561	0.0342369266	0.0134885181	0.0040103998	-0.0305699017	-0.0122115007	-0.0024468557	-0.0288704876	-0.0101100756	0.0050717904	-0.0538487434	-0.0207327008	-0.0018250442	0.0431066565	0.0176869258	0.0071730763	-0.004618024	-0.0017137985
386	0.0395299457	-0.0048019635	-0.0074534006	0.231780842	-0.105597876	0.0616964176	0.15764229	-0.0397130474	0.0385326073	0.0040081427	-0.0149251521	0.0024048868	0.0180476401	0.0005638991	0.0030796293	0.0066640405	-0.0141839255	0.000465684	0.0201037116	-0.0077869119	0.0038747615	0.0037092392	-0.00163364	0.0005340654	-0.0494547673	0.0101309214	-0.00908083	0.0162266474	0.0026828358	0.0024400235	0.148904681	-0.0620193034	0.025631059	0.163922444	-0.0499401502	0.02480142	-0.0102791572	0.0023477641	0.0020812508	-0.02570704	0.0257894378	-0.0026388576
658	0.0307582151	-0.208960161	-0.0812805519	-0.657864392	-0.248868093	-0.539051116	0.100668341	-0.146035299	0.0235479902	-0.0261057392	-0.272778332	-0.102159113	0.13028051	-0.0099666137	0.0893214867	0.0519747771	0.018760955	0.074330382	-0.180892795	-0.122841567	-0.196856022	-0.220693767	-0.259929031	-0.253354073	0.0565708913	-0.117043406	0.0079888664	0.0356174782	-0.154544368	-0.0159491953	0.0007592739	-0.123256691	-0.0302770548	0.0239054542	-0.0199395362	0.0093911756	-0.201480523	-0.616069019	-0.331063896	-0.138266593	-0.512013555	-0.269487053
722	0.00039348	0.0002507975	-0.0030501948	0.013295996	-0.0019247512	-0.0085983239	-0.0114408964	-0.0028271587	-0.0033322854	-0.00139157	-0.0091154212	-0.0035729474	0.0057063396	-0.0065607918	0.0041795489	-0.0062107197	-0.0047708047	-0.0032245566	0.0044721114	-0.0082762791	-0.0122012552	0.0071615977	-0.0166911446	-0.0156383011	-0.001060864	0.0157210436	0.0158088002	0.006619948	-0.0325399823	-0.0149279218	0.0026906095	-0.0190565195	-0.0099208942	7.954043e-05	-0.013718768	-0.0091582052	-0.0044355113	-0.0077702557	-0.0079344045	-0.0030474132	0.0032373895	0.0016721963
738	-0.193625763	0.0301202238	-0.102184802	-0.198094517	-0.0881778225	-0.154835939	0.179790244	0.0488088429	0.132287949	0.156256288	-0.0216236729	0.0696144551	0.186484963	-0.0128933312	0.085464783	0.0811635405	0.0028934826	0.0356483757	0.10281083	0.007810147	0.0240824986	0.661644936	-0.0260815285	0.2222628	-0.0925552323	-0.0116214352	-0.0147999963	0.0912611485	-0.0245386921	0.063274473	0.0804784298	-0.0045416467	0.0302006863	0.0412841029	0.0121952044	0.0179706961	-0.547619283	0.0278902277	-0.192258671	0.130932808	-0.0269464422	0.0268626548
785	-0.0508113392	-0.0780573338	-0.6371153	0.148532704	-0.0208778642	-0.262566835	0.219956249	0.0337663703	0.104114018	0.200593099	-0.035862539	-0.328763872	0.106462248	-0.0284981802	-0.213972881	0.0715536103	0.0530680157	0.36205259	-0.170306027	-0.0360035412	-0.249993086	-0.152434468	-0.0431770347	-0.278579056	-0.0366112627	0.0339506008	0.252261996	-0.0339049771	0.023503283	0.105281815	0.0793605372	-0.0524589717	-0.372063428	0.0279768612	-0.0158691388	-0.125038505	-0.0149262631	-0.0436874144	-0.18787986	-0.0321886837	-0.0321175009	-0.126609504
1037	0.0695088431	0.47641626	-0.20563893	-0.525280416	-0.269781023	-1.17610002	0.585716724	0.275223106	0.814332008	0.46936813	0.437674135	0.795572221	-0.0180566143	-0.256151289	-0.250279516	-0.154916286	0.180784598	0.0403997228	0.192134276	-0.0606340356	0.0949007943	-0.105722934	0.341681123	0.256840825	-0.11281275	-0.529578805	-0.47341454	0.0566261001	-0.217912525	-0.134515971	-0.735602319	-0.194508299	-0.55910337	-0.56521666	-0.326696903	-0.576613009	0.543602645	0.281878144	0.5300439	0.873807311	0.572739303	0.780509472
1085	0.526707113	0.0240162257	-0.297105819	-2.26671028	-0.245053738	-0.228922203	1.54958546	-0.018893199	0.148277029	-0.561098576	-0.170462504	-0.160134956	-0.643351197	-0.0486804917	-0.1426768	0.540216625	0.217725202	0.169322595	-1.28538406	-0.410004824	-0.313919902	3.3786664	-0.0706404522	0.548947394	-0.475706846	-0.121109329	-0.0858051777	0.622353017	0.0368996151	0.104154766	0.974511385	-0.138138548	0.0970524922	-0.493755281	-0.0726722255	-0.0739050806	0.740357578	-0.0854255855	0.149349675	-0.893232822	0.273104846	-0.0610051267
1111	-0.0514883287	0.280219167	0.0043151174	-0.0307401326	-0.264211953	-0.136977777	-0.0006815372	0.0437685326	-0.0018737773	-0.0016697975	-0.206331313	-0.13206917	0.0994278118	-0.138181373	-0.0980561376	-0.0057967529	0.229270697	0.114923112	-0.0371983871	-0.534029603	-0.31190148	0.558691263	0.34727937	0.258201212	-0.052767247	-0.095519498	-0.0451948382	-0.0226322524	0.0732127205	0.0510765016	0.105409198	0.0937150046	0.0258128457	-0.34728232	0.101632513	0.0452536084	1.21548629	-0.526833713	-0.176889271	-0.526095688	0.258667409	0.0618286654
1162	0.204100132	0.014244616	-0.007282502	-1.33626032	-0.153775409	-0.690676689	0.381178409	0.10861776	0.0425168574	-0.264749348	0.0010211631	-0.11909584	0.0673565269	-0.0231043175	0.0117829712	0.295585543	0.0284853633	0.0727720708	-0.0488461889	-0.118699528	0.0785009339	1.25126266	-0.0328916125	0.244609192	-0.376220465	0.0384854227	-0.0915851966	0.0257732458	0.0180803295	0.0025590216	0.466762155	-0.0205063261	0.107461743	-0.446626633	0.0410543345	-0.109884992	-0.271757573	0.0402397141	-0.124403968	-0.808707058	0.143614024	-0.157812044
1433	-0.583032548	0.276262969	-1.08710682	0.0992818102	-0.342592508	-1.06935751	0.171785861	-0.0156558435	2.54291987	0.336035788	-0.0552034602	1.13126683	-0.304038972	-0.312445074	-1.71535516	-0.419925898	0.333891869	-0.83476758	0.245469257	0.605749428	1.94433606	0.159174591	0.709198952	1.78126669	0.0119451899	-0.660334706	-1.13193309	0.0900821909	-0.723424494	-1.29528582	0.0635644123	0.291166753	0.518742323	-0.0964687392	0.289987177	0.547736228	0.0181420017	0.235013574	0.519972682	0.135132968	0.0971602648	0.257905394
1494	-0.534191549	0.331875622	-0.876506329	0.0641556233	-0.0666149259	-0.914497554	0.12619026	-0.137946829	2.27191925	0.413673967	-0.12211103	1.37109888	-0.472399771	0.0336610638	-1.64977813	-0.626627028	0.3719877	-1.12483072	0.583175838	0.282219648	2.18752432	0.740198672	0.251439899	2.06550384	-0.300794333	-0.268614113	-0.909224451	-0.657522976	-0.681859732	-1.90431678	0.384973496	0.134257853	0.719114065	0.569158435	0.863958776	2.1994307	-0.336839557	-2.37867403	-4.16764402	-0.289873719	-1.74375701	-3.14735532
1543	11.8567419	-0.74717474	3.06492686	-0.851768613	-0.291716427	0.664527953	0.41778478	-0.430861771	-0.555956066	-0.40800181	-0.76294148	-0.464082539	-1.44168949	0.334425181	0.878734946	3.9680624	-0.492261469	-0.850097835	-0.0184965655	0.0725942776	0.0880061388	-0.06867975	0.0903933048	0.10038805	2.48578739	0.167276576	0.214891434	-4.90070772	-0.389960647	-0.715148926	-2.14085889	-0.584160328	-0.18446748	2.02567625	0.386840701	0.309699982	-6.04362965	-0.465356678	-0.749398708	6.75324345	-0.0058055664	-0.396953732
1539	0.0469341129	-0.0187506452	-0.0656597838	0.717894733	-0.0337475128	-0.0969689488	-0.218535334	0.014293245	-0.0014109665	-0.244502947	0.0019244832	0.121877186	0.876137078	-0.0391278639	0.147368804	0.0938962698	-0.0102842106	-0.0555323251	-0.981217444	-0.0076644397	-0.0842173994	-0.624039769	0.0178953782	-0.0507344939	-0.0013024245	0.0803787857	0.0438750051	0.191441476	-0.0039631962	-0.0018119556	0.249587357	-0.0167472828	0.229781002	0.0743571296	-0.0053224424	0.0105136745	0.474980086	-0.0293607302	0.324600041	-0.0682890862	-0.0292196758	-0.122136869